project3-viewshed-project3-duncangans/render/set1flow.asc
ncols 391
nrows 472
xllcorner 271845
yllcorner 3875415
cellsize 30
NODATA_value -9999
[rows 0 to 70 of 472, columns 192 to 287 of 391]
-9999 -9999 -9999 -9999 -9999 -9999 -9999 -9999 -9999 -9999 -9999 -9999 -9999 -9999 -9999 -9999 -9999 -9999 -9999 -9999 -9999 -9999 -9999 -9999 -9999 -9999 -9999 -9999 -9999 -9999 -9999 -9999 -9999 -9999 -9999 -9999 -9999 -9999 -9999 -9999 -9999 -9999 -9999 -9999 -9999 -9999 -9999 -9999 -9999 -9999 -9999 -9999 -9999 -9999 -9999 -9999 -9999 -9999 -9999 -9999 -9999 -9999 -9999 -9999 -9999 -9999 -9999 -9999 -9999 -9999 -9999 -9999 -9999 -9999 -9999 -9999 -9999 -9999 -9999 -9999 -9999 -9999 -9999 -9999 -9999 -9999 -9999 -9999 -9999 -9999 -9999 -9999 -9999 -9999 -9999 -9999
-9999 -9999 -9999 -9999 -9999 -9999 -9999 -9999 -9999 -9999 -9999 -9999 -9999 -9999 -9999 -9999 -9999 -9999 -9999 -9999 -9999 -9999 -9999 -9999 -9999 -9999 -9999 -9999 -9999 -9999 -9999 -9999 -9999 -9999 -9999 -9999 -9999 -9999 -9999 -9999 -9999 -9999 -9999 -9999 -9999 -9999 -9999 -9999 -9999 -9999 -9999 -9999 -9999 -9999 -9999 -9999 -9999 -9999 -9999 -9999 -9999 -9999 -9999 -9999 -9999 -9999 -9999 -9999 -9999 -9999 -9999 -9999 -9999 -9999 -9999 -9999 -9999 -9999 -9999 -9999 -9999 -9999 -9999 -9999 -9999 -9999 -9999 -9999 -9999 -9999 -9999 -9999 -9999 -9999 -9999 -9999
-9999 -9999 -9999 -9999 -9999 -9999 -9999 -9999 -9999 -9999 -9999 -9999 -9999 -9999 -9999 -9999 -9999 -9999 -9999 -9999 -9999 -9999 -9999 -9999 -9999 -9999 -9999 -9999 -9999 -9999 -9999 -9999 -9999 -9999 -9999 -9999 -9999 -9999 -9999 -9999 -9999 -9999 -9999 -9999 -9999 -9999 -9999 -9999 -9999 -9999 -9999 -9999 -9999 -9999 -9999 -9999 -9999 -9999 -9999 -9999 -9999 -9999 -9999 -9999 -9999 -9999 -9999 -9999 -9999 -9999 -9999 -9999 -9999 -9999 -9999 -9999 -9999 -9999 -9999 -9999 -9999 -9999 -9999 -9999 -9999 -9999 -9999 -9999 -9999 -9999 -9999 -9999 -9999 -9999 -9999 -9999
-9999 -9999 -9999 -9999 -9999 -9999 -9999 -9999 -9999 -9999 -9999 -9999 -9999 -9999 -9999 -9999 -9999 -9999 -9999 -9999 -9999 -9999 -9999 -9999 -9999 -9999 -9999 -9999 -9999 -9999 -9999 -9999 -9999 -9999 -9999 -9999 -9999 -9999 -9999 -9999 -9999 -9999 -9999 -9999 -9999 -9999 -9999 -9999 -9999 -9999 -9999 -9999 -9999 -9999 -9999 -9999 -9999 -9999 -9999 -9999 -9999 -9999 -9999 -9999 -9999 -9999 -9999 -9999 -9999 -9999 -9999 -9999 -9999 -9999 -9999 -9999 -9999 -9999 -9999 -9999 -9999 -9999 -9999 -9999 -9999 -9999 -9999 -9999 -9999 -9999 -9999 -9999 -9999 -9999 -9999 -9999
-9999 -9999 -9999 -9999 -9999 -9999 -9999 -9999 -9999 -9999 -9999 -9999 -9999 -9999 -9999 -9999 -9999 -9999 -9999 -9999 -9999 -9999 -9999 -9999 -9999 -9999 -9999 -9999 -9999 -9999 -9999 -9999 -9999 -9999 -9999 -9999 -9999 -9999 -9999 -9999 -9999 -9999 -9999 -9999 -9999 -9999 -9999 -9999 -9999 -9999 -9999 -9999 -9999 -9999 -9999 -9999 -9999 -9999 -9999 -9999 -9999 -9999 -9999 -9999 -9999 -9999 -9999 -9999 -9999 -9999 -9999 -9999 -9999 -9999 -9999 -9999 -9999 -9999 -9999 -9999 -9999 -9999 -9999 -9999 -9999 -9999 -9999 -9999 -9999 -9999 -9999 -9999 -9999 -9999 -9999 -9999
1 1 1 1 1 1 1 1 1 1 1 1 1 1 1 1 1 1 1 1 1 2 3 5 7 10 1 1 1 2 4 6 9 1 -9999 -9999 -9999 -9999 -9999 -9999 -9999 -9999 -9999 -9999 -9999 -9999 -9999 -9999 -9999 -9999 -9999 -9999 -9999 -9999 -9999 -9999 -9999 -9999 -9999 -9999 -9999 -9999 -9999 -9999 -9999 -9999 -9999 -9999 -9999 -9999 -9999 -9999 -9999 -9999 -9999 -9999 -9999 -9999 -9999 -9999 -9999 -9999 -9999 -9999 -9999 -9999 -9999 -9999 -9999 -9999 -9999 -9999 -9999 -9999 -9999 -9999
2 2 1 1 2 2 2 2 2 4 1 1 2 2 2 4 2 2 2 1 1 1 1 1 2 2 11 3 1 1 1 2 2 13 1 1 1 1 1 1 1 1 1 1 1 1 1 1 1 1 1 1 1 1 1 1 1 1 3 2 1 1 1 1 1 1 1 1 3 5 13 1 1 3 8 -9999 -9999 -9999 -9999 -9999 -9999 -9999 -9999 -9999 -9999 -9999 -9999 -9999 -9999 -9999 -9999 -9999 -9999 -9999 -9999 -9999
3 2 1 1 2 3 3 3 3 3 6 1 2 3 3 9 3 3 2 2 1 1 2 1 1 1 3 16 1 1 1 1 1 1 16 2 2 2 2 1 1 2 2 2 2 2 2 4 2 4 2 2 2 2 2 2 2 4 1 1 2 2 2 2 2 2 1 1 1 4 2 1 1 2 2 1 1 1 1 1 1 1 2 3 2 1 1 1 1 1 1 1 4 1 1 1
3 2 1 1 2 3 4 4 4 13 1 1 2 3 4 16 4 3 3 1 1 2 2 3 1 1 3 4 18 1 2 1 1 2 20 3 3 3 2 1 1 2 3 3 3 3 3 9 5 1 4 1 1 7 3 3 5 2 2 3 3 3 3 3 3 2 1 1 1 1 1 1 1 1 1 1 2 2 2 2 2 2 1 1 1 2 2 2 2 2 10 7 1 2 2 2
3 2 1 1 2 3 4 5 5 5 16 1 1 3 4 25 4 4 2 1 1 2 3 3 4 2 1 4 24 1 1 3 7 10 38 4 4 3 2 1 1 2 3 4 4 4 4 18 2 5 1 1 1 2 14 6 3 3 4 4 4 4 23 16 10 6 2 1 1 1 1 1 1 1 1 2 2 3 3 3 3 47 3 4 3 3 3 3 3 11 1 1 1 1 1 7
3 2 1 1 2 3 4 5 6 6 23 1 1 2 33 5 5 3 2 1 1 2 3 4 4 5 3 2 30 1 1 2 1 2 2 47 4 3 2 1 1 2 3 4 5 5 5 25 6 2 2 1 1 2 23 4 4 5 5 5 39 30 3 3 2 1 2 2 2 1 1 3 1 2 2 2 3 3 4 4 41 6 59 76 4 4 4 4 12 2 1 1 1 1 2 21
3 2 1 1 2 3 4 5 6 7 30 1 2 2 41 6 4 3 1 1 5 1 1 4 5 5 6 4 3 33 1 1 1 1 1 55 4 3 2 2 1 1 4 9 15 6 6 37 3 3 2 1 1 2 30 5 6 6 6 40 4 4 3 2 2 1 1 1 6 2 1 1 4 2 3 3 3 4 4 33 5 5 6 7 91 111 5 13 3 2 2 2 1 1 2 2
3 2 2 1 1 3 4 5 6 7 8 31 2 3 50 5 4 2 1 7 2 1 1 2 5 6 6 7 41 2 1 1 2 1 7 1 63 3 3 2 1 1 1 1 2 19 27 84 7 3 2 1 1 2 3 42 7 7 56 12 4 3 3 2 1 1 1 2 2 10 2 5 1 1 3 4 4 13 24 4 4 5 6 7 7 8 153 4 6 3 3 2 2 3 1 1
3 3 2 2 4 1 1 5 6 7 8 9 32 3 59 5 3 2 8 3 2 1 1 2 3 6 7 7 51 2 2 1 1 5 2 8 68 4 3 2 2 1 1 1 1 1 2 11 1 3 2 1 1 2 48 8 75 64 4 3 3 3 2 2 1 1 1 2 3 15 6 2 1 1 2 4 5 6 3 3 4 5 6 6 7 7 8 15 1 7 3 3 4 2 2 1
4 3 3 5 2 1 1 2 6 16 25 9 10 95 6 4 3 9 4 3 2 1 1 2 3 4 7 8 61 3 2 1 1 1 2 6 81 4 3 3 2 1 1 2 1 1 10 4 7 3 2 1 1 2 59 81 3 3 3 3 2 2 2 1 1 1 2 2 3 4 24 2 1 1 2 3 5 2 2 3 4 5 5 6 6 7 7 7 2 1 4 5 3 3 2 2
4 4 6 3 2 1 1 2 3 1 2 29 41 112 5 4 10 5 4 3 1 1 2 2 3 4 5 8 73 3 2 1 1 1 1 1 92 4 4 3 2 1 1 2 6 9 3 5 1 7 2 1 1 2 143 2 2 2 2 2 2 1 1 1 1 1 2 3 3 4 31 2 2 3 4 1 1 1 2 3 4 4 5 5 6 6 6 1 1 3 18 4 4 21 16 11
5 7 4 3 2 2 1 1 3 1 1 2 2 44 122 11 6 5 4 2 1 1 2 3 3 4 5 6 9 79 2 2 1 1 1 1 2 101 4 3 2 2 1 1 1 2 4 6 1 1 2 1 1 2 148 1 1 1 1 1 1 1 1 1 1 2 2 3 4 4 38 3 4 5 6 3 1 1 2 3 3 4 4 5 5 5 5 1 1 34 1 51 27 3 2 2
8 5 4 3 3 2 2 1 1 4 1 1 1 1 178 7 6 5 3 2 1 1 2 3 4 4 5 6 95 3 3 2 1 1 2 2 2 108 4 3 3 2 1 1 1 3 2 2 1 1 1 1 2 152 3 1 1 1 1 1 1 2 1 1 2 2 3 3 4 5 46 5 6 7 1 1 1 1 2 2 3 3 4 4 4 4 2 23 31 7 1 7 19 2 2 1
967 5 8 4 3 3 2 2 1 1 5 1 1 2 2 192 6 4 3 2 1 1 2 3 4 5 5 6 105 4 3 2 1 1 2 3 3 115 4 4 3 2 1 1 2 1 1 1 1 1 2 2 2 158 1 4 2 2 2 2 3 2 1 1 2 3 3 4 4 5 57 7 8 2 1 1 1 1 1 2 2 3 3 3 3 1 15 6 6 6 1 6 6 18 1 1
303 2 2 6 4 3 3 2 2 1 1 6 2 2 3 201 5 4 3 2 1 1 2 3 4 5 6 6 122 4 3 2 1 1 2 6 12 140 13 4 3 2 2 1 1 1 5 1 2 2 2 3 163 2 25 1 3 3 3 4 3 1 1 2 2 6 1 4 5 5 70 9 3 2 2 2 1 1 1 1 2 2 2 2 6 14 5 5 5 5 1 6 5 5 17 12
291 2 1 1 2 3 19 3 1 1 2 2 7 3 3 210 5 4 3 2 1 1 2 3 4 9 16 24 1 132 3 2 2 1 1 2 2 3 4 4 3 3 2 1 1 3 2 6 2 3 3 169 36 31 3 19 4 4 5 4 2 1 1 2 3 9 1 2 5 6 128 27 20 15 10 2 2 1 1 1 1 1 1 5 7 4 4 4 4 4 1 5 5 4 4 4
23 2 1 1 2 7 7 33 4 2 2 3 3 8 217 6 5 4 3 2 1 1 2 3 4 1 1 1 1 1 1 8 2 1 1 1 2 3 3 4 4 3 2 1 1 1 2 6 15 23 1 213 2 2 2 2 11 6 5 3 2 1 1 2 17 1 1 2 3 6 4 4 3 2 2 5 2 1 1 2 1 1 4 6 3 3 3 3 3 3 1 4 4 4 3 3
2 2 1 1 6 6 6 6 45 55 3 3 4 4 9 229 5 4 3 2 2 3 1 1 4 9 1 1 2 1 2 12 2 1 1 1 2 2 1 12 4 3 2 2 1 1 1 2 2 2 27 1 1 1 1 1 1 6 4 3 2 2 1 1 1 18 2 2 3 4 4 3 3 2 1 1 1 1 2 2 3 2 5 2 2 2 2 2 2 3 4 4 3 3 3 2
2 1 1 5 5 5 5 5 5 5 65 73 81 90 109 1 239 4 3 3 4 2 2 1 1 1 10 3 1 3 2 17 2 2 1 1 1 2 4 8 30 3 3 2 1 1 1 1 1 1 2 1 1 1 1 1 7 5 4 3 3 2 1 1 2 2 19 3 10 10 3 3 2 2 1 1 1 2 2 3 3 4 1 1 1 1 1 1 2 2 4 3 3 2 2 2
1 1 4 4 4 4 4 4 4 4 4 4 4 5 7 540 649 247 4 5 3 3 2 2 1 1 2 11 4 2 23 3 3 2 1 1 1 1 2 2 3 42 3 2 2 1 1 1 1 1 1 9 2 2 2 8 6 5 4 4 3 2 1 1 2 3 3 20 24 3 2 2 2 1 1 1 2 2 3 3 4 4 1 1 1 1 1 1 1 1 3 3 2 2 1 1
3 3 3 3 3 3 3 3 3 3 3 3 4 6 423 107 15 671 940 8 4 3 3 2 2 1 1 3 12 5 29 4 3 2 1 1 2 1 1 2 2 2 51 3 2 1 1 2 2 2 1 1 15 12 9 7 6 5 5 4 3 2 1 1 2 3 4 48 4 1 2 1 1 1 1 1 2 3 3 4 4 5 5 2 2 2 2 2 1 1 1 2 2 1 1 1
2 2 2 2 2 2 2 2 2 2 2 3 5 422 106 14 6 9 3 10 11 4 3 3 2 2 1 1 4 18 1 37 3 2 2 3 1 1 1 1 1 1 2 60 2 2 1 1 3 3 3 1 1 1 8 7 6 6 5 4 3 2 1 1 2 3 4 57 2 1 1 1 1 1 1 2 2 3 7 1 5 5 6 6 3 3 3 3 3 4 1 1 1 1 2 3
1 1 1 1 1 1 1 1 1 1 2 4 421 105 13 5 8 2 2 6 1 7 9 27 3 2 1 1 2 5 57 4 3 3 4 2 2 1 1 1 1 1 1 1 67 2 1 1 2 10 2 2 2 9 8 7 7 6 5 4 3 2 1 1 2 3 4 64 2 3 1 2 1 1 2 2 3 3 11 1 2 6 17 26 36 43 50 57 4 9 2 1 1 3 4 4
1 1 1 1 1 1 1 1 1 1 3 420 104 12 4 7 1 1 2 3 6 8 9 11 67 2 1 1 4 14 83 4 4 5 3 3 2 2 2 1 1 2 1 1 1 68 3 2 2 15 3 3 10 9 8 8 7 6 5 4 3 2 2 1 1 3 72 3 4 1 3 2 1 1 2 3 6 1 16 1 1 5 2 3 3 3 3 4 68 16 2 2 4 5 5 5
2 2 2 2 2 2 2 2 2 2 419 103 11 3 3 2 1 1 2 5 7 8 10 11 12 216 1 1 7 2 39 125 141 1 16 3 3 3 2 2 3 1 1 2 1 2 69 4 3 3 22 11 10 9 9 8 7 6 5 4 3 1 3 1 2 2 79 5 2 4 3 2 1 1 2 12 2 17 1 1 1 1 2 2 2 2 3 6 5 97 3 5 6 6 6 5
2 3 3 3 3 3 3 3 3 418 102 4 3 3 2 2 1 1 4 6 7 9 10 11 211 3 1 6 1 38 2 4 3 3 4 25 37 1 9 4 4 2 1 1 3 2 3 73 79 85 125 11 20 10 9 8 7 6 5 4 1 1 2 5 1 3 87 3 5 4 3 2 1 1 2 17 18 2 2 1 1 1 1 1 1 2 5 4 5 5 116 7 7 7 6 6
3 3 4 4 4 4 4 394 412 93 4 4 3 2 2 1 1 3 5 6 8 9 10 210 1 1 2 3 37 1 3 2 2 3 4 5 8 76 1 1 1 1 1 2 2 4 7 1 2 3 9 1 1 10 25 8 7 6 5 2 1 1 2 8 1 2 94 6 5 4 3 2 1 1 2 38 3 3 2 2 1 1 1 1 1 4 3 4 4 5 5 144 8 7 7 7
95 4 4 5 282 293 386 14 73 15 4 3 3 2 1 1 2 4 5 7 8 9 206 2 1 1 2 4 32 2 1 1 2 3 4 7 9 10 11 37 1 1 17 35 54 179 1 1 2 8 53 3 2 2 1 8 7 6 3 2 2 1 1 11 1 2 103 6 5 4 3 2 1 1 2 44 4 3 3 2 2 2 1 1 3 2 3 3 4 4 5 1 8 8 8 7
3 195 262 272 6 88 13 72 5 5 4 3 2 2 1 1 3 4 6 7 8 201 2 2 1 1 3 26 3 2 1 1 2 3 6 8 9 10 11 24 1 14 16 16 17 104 1 1 7 32 1 19 2 1 1 10 7 4 3 3 2 1 1 13 1 2 127 15 9 4 3 2 1 1 48 5 4 4 3 3 3 2 1 1 1 2 2 3 3 4 4 23 9 9 8 8
96 62 5 5 87 12 9 3 59 4 4 3 2 1 1 2 3 5 6 7 191 7 2 1 1 2 3 19 3 2 1 1 2 5 7 8 9 10 11 12 13 15 15 16 99 1 3 6 1 30 1 2 15 1 2 5 32 8 4 3 2 2 1 1 14 131 1 1 1 4 3 2 2 49 6 5 5 4 4 4 10 2 3 1 1 1 2 2 3 3 4 4 42 9 9 8
61 4 4 86 11 3 3 2 2 58 3 3 2 1 1 2 4 5 6 7 176 7 6 1 1 2 2 14 2 2 1 1 4 6 7 8 9 10 11 12 14 14 15 97 1 2 2 3 28 1 1 2 12 1 4 5 95 1 4 3 3 2 1 1 147 2 2 2 5 4 3 3 50 7 6 6 5 5 5 12 1 5 1 1 1 1 1 2 2 3 3 4 56 10 9 8
3 3 85 4 3 3 2 2 1 1 57 2 2 1 1 3 4 5 6 160 8 7 6 5 1 1 9 2 2 1 1 3 5 6 7 8 9 10 11 13 13 14 14 82 1 1 2 24 2 1 1 2 9 3 4 94 163 1 24 4 3 1 1 150 3 3 3 6 5 4 4 51 8 7 7 6 6 6 13 1 1 1 2 2 1 1 1 1 2 2 3 3 77 19 9 50
2 3 77 4 3 2 2 1 1 3 51 2 1 1 2 3 4 5 7 144 8 7 6 5 4 3 3 2 1 1 2 4 5 6 7 8 9 10 12 12 13 13 13 67 1 1 2 13 8 1 1 8 2 3 93 118 44 12 1 1 5 19 1 244 4 4 7 6 5 5 52 9 8 8 7 7 7 14 2 2 2 3 3 2 2 1 1 1 1 2 2 3 7 1 53 1
2 69 4 3 3 2 1 1 2 45 3 2 1 1 2 3 4 6 7 128 8 7 6 5 4 3 2 2 1 1 3 4 5 6 7 8 9 11 11 12 12 12 13 52 1 1 2 9 1 7 7 1 2 92 117 43 3 7 1 4 4 5 86 1 1 2 25 6 6 63 10 9 9 8 8 8 15 3 3 3 4 4 3 3 2 2 1 1 1 1 2 3 3 4 4 1
3 61 4 3 2 2 1 1 3 38 3 2 1 1 2 3 5 6 8 111 8 7 6 5 4 3 2 1 1 2 3 4 5 6 7 8 10 10 11 11 11 12 14 36 1 1 2 6 6 6 1 1 91 116 42 2 5 1 3 3 4 6 78 1 1 2 3 7 1 1 10 10 9 18 9 16 4 4 4 5 5 4 4 3 3 2 2 1 1 1 2 2 3 5 2 3
3 4 53 3 2 1 1 2 3 31 3 2 1 1 2 4 5 7 8 8 94 7 6 5 4 3 2 1 1 2 3 4 5 6 7 9 9 10 10 10 11 13 12 13 10 1 5 5 5 5 11 90 115 41 1 1 3 2 2 3 5 74 2 1 1 2 3 3 12 6 1 1 1 1 22 5 5 5 6 6 5 5 4 4 3 3 2 2 1 1 1 2 2 2 2 1
3 4 4 44 2 1 1 2 25 3 2 2 1 1 3 4 6 7 7 7 79 7 6 5 4 3 2 1 1 2 3 4 5 6 8 8 9 9 9 10 12 11 12 5 4 4 4 4 4 5 77 114 34 3 3 2 1 1 2 4 65 5 3 1 1 2 2 3 4 4 5 19 7 12 2 6 6 7 7 6 6 5 5 4 4 3 3 2 1 1 1 1 1 1 1 4
3 3 4 6 33 1 1 2 19 3 2 1 1 2 3 5 6 6 6 65 7 6 6 5 4 3 2 1 1 2 3 4 5 7 7 8 8 8 9 11 10 11 4 3 3 3 3 3 4 76 113 2 28 3 2 2 1 1 3 4 55 5 4 2 1 1 2 3 3 4 5 6 7 6 11 1 6 38 14 7 6 6 5 5 4 4 3 2 1 1 2 1 1 1 1 10
2 3 5 4 27 1 1 2 13 3 2 1 1 2 4 5 5 5 6 51 7 6 5 5 4 3 2 1 1 2 3 4 6 6 7 7 7 8 10 9 10 3 2 2 2 2 2 3 75 112 1 6 17 4 2 1 1 2 3 3 4 47 4 3 1 1 2 2 3 4 5 6 5 5 5 5 5 6 42 14 7 6 6 5 5 4 3 2 1 1 2 3 2 2 2 1
2 4 3 3 19 4 1 7 3 2 2 1 1 3 4 4 4 5 5 5 40 6 5 4 4 3 2 1 1 2 3 5 5 6 6 6 7 9 8 9 2 1 1 1 1 1 2 74 105 6 5 5 7 4 3 1 1 2 2 3 4 38 4 3 2 1 1 2 3 4 5 4 4 4 4 4 5 31 10 30 7 7 6 6 5 4 3 2 1 1 2 3 4 3 6 2
3 2 2 3 12 3 3 3 3 2 1 1 2 3 3 3 4 4 4 4 30 5 5 4 3 3 2 1 1 2 4 4 5 5 5 6 8 7 8 1 1 1 1 1 1 1 73 93 6 5 5 4 4 6 3 2 1 1 2 3 5 28 4 3 2 1 1 2 3 4 3 3 3 3 3 4 30 9 29 13 67 14 7 6 5 4 3 1 1 2 2 3 4 5 14 2
1 1 2 2 7 2 2 2 2 2 1 1 2 2 2 3 3 3 3 3 21 5 4 4 3 2 2 1 1 3 3 4 4 4 5 7 6 7 7 1 1 2 2 2 61 72 81 6 5 5 4 4 3 3 5 2 1 1 2 4 4 4 19 3 2 1 1 2 3 2 2 2 2 2 3 29 8 28 12 6 3 13 7 6 9 4 2 1 1 2 3 3 4 29 1 5
1 1 1 3 1 2 1 1 1 1 1 1 1 1 2 2 2 2 2 3 3 14 4 3 3 2 1 1 2 2 3 3 3 4 6 5 6 6 7 21 29 37 47 57 9 9 66 5 5 4 4 3 3 2 2 4 1 1 3 3 3 3 12 3 2 1 1 2 1 1 1 1 1 2 28 7 27 11 5 2 3 4 5 22 1 3 2 1 1 2 6 1 4 1 6 1
1 1 1 1 1 1 1 1 1 1 1 1 1 1 1 1 1 1 2 2 2 8 3 3 2 2 1 1 1 2 2 2 3 5 4 5 5 6 6 6 6 7 7 8 8 8 52 5 4 4 3 3 2 2 1 1 3 2 2 2 2 2 2 7 2 1 1 3 1 1 1 1 1 27 6 26 10 4 1 2 3 4 7 7 7 14 1 24 1 16 1 1 8 7 2 4
2 1 1 1 1 1 2 4 2 2 1 1 2 2 1 1 1 1 1 1 2 2 3 2 2 1 1 1 1 1 1 2 4 3 4 4 5 5 5 5 6 6 7 7 7 42 5 4 4 3 3 2 2 1 1 2 1 1 1 1 1 1 2 2 2 1 2 2 8 12 16 2 26 5 25 9 2 1 1 2 3 6 6 6 6 7 13 6 5 10 1 13 1 24 5 5
2 2 1 1 2 2 2 9 3 2 1 1 2 3 3 2 2 2 1 1 1 1 1 2 1 1 1 1 2 1 1 3 2 3 3 4 4 4 4 5 5 6 6 6 6 6 29 4 3 3 2 2 1 1 1 1 1 1 1 1 1 1 1 1 1 1 1 2 2 2 3 22 4 24 3 3 2 1 1 2 5 5 5 5 6 12 5 4 4 5 5 5 5 5 46 5
3 2 1 1 2 3 3 15 3 2 1 1 2 3 4 4 7 2 2 2 1 1 1 1 1 1 1 2 2 3 2 1 2 2 3 3 3 3 4 4 5 5 5 5 5 5 20 3 3 2 2 1 1 1 1 1 2 2 2 2 2 2 1 1 1 2 1 1 1 2 2 3 3 17 3 2 2 1 1 4 4 4 4 5 11 4 3 3 4 4 4 4 4 3 3 4
3 2 1 1 2 3 4 22 3 2 1 1 2 3 4 5 14 3 3 2 2 2 2 1 1 1 2 2 3 3 4 1 1 2 2 2 2 3 3 4 4 4 4 4 4 14 3 2 2 2 1 1 1 1 2 2 2 3 3 7 3 2 1 1 2 2 3 1 1 1 2 2 11 3 2 2 1 1 3 3 3 3 4 10 3 2 2 3 3 3 3 3 2 2 2 1
3 2 1 1 2 3 4 30 3 2 1 1 2 3 4 24 4 4 3 3 3 3 2 2 1 1 2 3 3 4 4 5 1 1 1 1 2 2 3 3 3 3 3 3 3 8 2 2 1 1 1 1 1 2 2 3 3 3 4 14 3 2 1 1 2 5 1 4 2 1 1 2 5 3 2 1 1 2 2 2 2 3 9 2 1 1 2 2 2 2 2 1 1 1 1 1
10 2 1 1 2 3 4 38 3 2 1 1 2 3 4 33 5 4 4 4 4 3 3 2 1 1 2 3 4 4 14 1 1 1 1 1 1 2 2 2 2 2 2 2 4 2 1 1 1 1 1 1 2 2 3 3 4 4 4 22 3 2 1 4 6 1 1 2 5 3 1 1 1 2 2 1 1 1 1 1 2 2 4 2 1 1 1 1 1 1 1 1 1 1 1 3
14 2 2 1 1 3 4 46 3 2 1 1 2 3 4 43 5 5 5 5 4 4 3 2 1 1 2 3 4 5 5 17 2 2 1 1 1 1 1 1 1 1 1 1 1 1 1 1 1 1 2 2 2 3 3 7 12 18 25 32 28 2 5 7 2 1 1 2 8 1 4 1 1 1 1 1 1 1 1 1 1 1 1 1 1 1 1 1 1 1 1 2 2 2 7 1
2 19 1 1 2 2 4 54 3 2 1 1 2 3 4 5 54 6 6 5 5 4 3 2 1 1 4 7 11 5 6 25 3 2 2 1 1 1 1 1 1 1 1 1 1 1 1 1 2 2 2 3 3 3 4 1 1 2 2 2 36 36 8 3 2 2 1 1 3 14 2 2 2 1 1 1 1 2 2 2 1 1 1 1 1 1 2 2 2 2 2 2 3 3 1 1
436 450 20 2 2 3 3 62 3 2 2 1 1 3 4 5 66 7 6 23 16 10 6 3 1 1 2 1 1 12 6 7 31 3 2 2 1 1 2 2 2 2 4 2 2 1 1 2 2 3 3 3 4 4 4 5 1 1 1 1 2 37 45 1 8 2 2 4 15 3 3 3 2 2 2 1 1 2 3 3 3 2 2 3 1 2 2 3 3 3 3 3 3 7 2 2
11 11 473 505 520 3 4 69 3 3 2 2 1 1 4 76 8 7 25 1 1 1 1 1 1 1 1 3 2 2 13 7 42 3 3 2 1 1 2 3 3 3 9 3 2 2 1 1 3 3 4 4 4 5 5 5 6 1 1 1 94 104 149 211 217 9 9 16 4 4 4 3 3 3 1 1 2 2 3 4 4 4 3 3 4 2 3 3 4 4 4 60 149 3 2 1
10 11 11 12 13 546 563 581 70 4 8 2 2 5 77 9 8 26 1 1 1 2 2 2 1 1 1 2 4 3 3 14 53 4 3 2 1 1 2 3 4 4 16 3 3 2 1 1 2 4 11 18 26 34 44 54 65 77 85 93 7 7 16 4 4 226 240 280 5 5 4 4 4 2 1 1 2 3 3 4 5 5 5 4 4 5 3 4 4 41 52 77 5 3 2 1
10 10 11 12 12 13 13 13 606 688 704 728 6 78 10 9 27 2 2 2 3 3 3 2 1 1 2 2 3 5 4 4 72 4 3 2 1 1 2 3 4 5 24 4 3 2 2 1 1 3 2 3 3 4 4 5 5 6 6 6 6 15 3 3 4 4 5 5 5 14 14 5 3 1 1 2 2 3 4 4 5 6 6 6 5 5 6 4 32 6 2 69 5 4 2 1
9 10 11 11 12 12 12 11 11 11 11 11 749 95 10 28 3 3 3 4 4 4 3 2 1 1 2 3 3 4 6 5 81 4 3 2 1 1 2 3 4 5 6 32 3 3 2 2 1 1 2 2 3 3 4 4 5 5 5 5 14 2 2 3 3 4 4 4 3 3 20 23 2 1 1 2 3 3 4 5 5 6 7 13 1 6 6 23 5 1 1 62 5 4 3 1
9 10 10 11 11 11 10 10 10 10 10 9 9 768 134 4 4 4 5 5 5 4 3 2 2 1 1 3 4 4 5 7 6 89 3 2 1 1 2 3 4 5 6 42 4 3 3 2 1 1 1 2 2 3 3 4 4 4 4 13 1 1 2 2 3 3 3 2 2 2 1 21 24 3 2 2 3 4 4 5 6 6 7 29 7 5 4 3 3 4 51 5 5 4 3 2
9 9 10 10 10 9 9 9 9 9 8 8 9 9 786 937 5 6 6 6 5 4 3 3 2 1 1 2 4 5 5 6 8 99 3 2 2 1 1 3 4 5 6 53 4 4 3 2 1 1 1 1 2 2 3 3 3 3 3 7 2 1 1 2 2 2 1 1 1 1 1 2 22 25 4 3 3 11 1 5 6 19 1 1 5 5 4 3 2 2 3 50 4 4 3 2
8 9 9 9 8 8 8 8 8 7 7 8 8 8 8 8 972 7 7 6 5 4 4 3 2 1 1 2 3 5 6 6 7 111 3 3 2 1 1 2 4 5 6 64 5 4 3 2 2 1 1 1 1 2 2 2 2 2 2 3 1 1 1 1 1 1 1 1 1 1 2 2 3 23 26 34 1 1 14 17 64 6 26 6 5 4 4 3 2 1 1 2 49 3 3 2
8 8 8 7 7 7 7 7 6 6 7 7 7 7 7 7 8 8 37 6 5 5 4 3 2 1 1 2 3 4 6 7 7 122 4 3 2 1 1 2 3 5 6 76 5 4 3 3 2 2 1 1 1 1 1 1 1 1 1 1 1 1 1 1 1 1 2 2 2 2 2 3 3 30 1 1 2 1 1 2 34 5 5 25 5 4 3 3 2 1 1 2 43 3 2 2
7 7 6 6 6 6 6 5 5 6 6 6 6 6 6 7 7 8 8 49 6 5 4 3 2 2 1 1 3 4 5 7 8 134 4 3 2 1 1 2 3 4 6 88 5 4 4 3 3 2 2 1 1 1 1 1 1 1 1 1 1 2 2 2 2 2 2 3 3 3 3 3 47 1 14 13 12 1 1 10 18 5 4 4 24 4 3 2 2 1 1 3 36 3 2 1
6 5 5 5 5 5 4 4 5 5 5 5 5 5 6 6 7 7 7 23 61 5 4 3 3 2 1 1 2 4 5 6 8 147 4 3 2 1 1 2 3 4 5 7 98 5 4 4 6 3 2 2 2 1 1 2 2 2 2 2 2 2 3 3 3 3 3 3 4 4 34 40 130 15 14 13 12 11 9 1 12 4 4 3 3 23 3 2 1 1 2 3 30 2 2 1
4 4 4 4 4 3 3 4 4 4 4 4 4 5 5 6 6 6 7 7 24 71 4 4 3 2 2 1 1 3 5 6 7 160 4 3 2 1 1 2 3 4 5 6 111 5 13 8 1 3 3 3 2 1 1 2 3 3 3 3 3 3 3 4 4 8 12 16 20 26 2 3 111 15 14 13 12 11 10 8 6 5 3 3 2 2 22 2 1 1 2 3 24 2 1 1
3 3 3 3 2 2 3 3 3 3 3 3 4 4 5 5 5 6 6 6 20 126 5 4 3 3 2 1 1 2 4 6 7 172 4 3 2 1 1 2 3 4 5 6 123 14 1 1 4 4 4 3 1 1 2 2 3 4 4 4 4 4 4 4 5 1 1 1 1 1 2 5 90 15 14 13 12 11 10 9 7 5 4 2 2 1 1 21 1 1 2 2 13 8 1 1
2 2 2 1 1 2 2 2 2 2 2 3 3 4 4 4 5 5 5 6 6 5 136 13 4 3 2 1 1 2 3 5 7 184 4 3 2 2 3 1 1 4 5 135 15 2 2 5 5 5 4 1 1 2 2 3 3 4 5 5 5 5 5 5 5 6 2 2 2 1 4 6 69 14 14 13 12 11 10 9 8 6 4 3 1 1 2 16 2 1 1 2 9 1 7 8
