project3-viewshed-project3-duncangans/render/set1flow.asc
ncols 391
nrows 472
xllcorner 271845
yllcorner 3875415
cellsize 30
NODATA_value -9999
[rows 355 to 425 of 472, columns 96 to 191 of 391]
8 8 7 7 6 6 6 5 5 5 6 6 5 5 5 4 4 3 3 36 20 6 5 4 3 2 1 1 2 3 4 5 6 7 7 3 1 1 2 2 3 3 4 4 5 13 6 111 121 21 23 22 23 404 421 9 9 9 9 502 133 29 29 630 4 16 3 4 4 5 6 6 8 9 143 3 1 1 3 2 2 4 4 5 6 7 7 7 7 7 7 7 7 7 7 6
9 8 8 7 7 7 6 6 6 7 7 6 6 6 5 77 67 58 49 7 8 7 5 4 3 2 1 1 2 3 4 5 6 6 2 1 1 2 2 3 3 4 4 54 65 77 98 120 20 22 21 22 23 8 7 435 451 467 484 132 28 28 629 3 15 2 3 3 4 5 5 7 8 133 5 4 2 2 1 1 3 3 4 5 6 6 6 6 6 6 6 6 6 6 5 5
9 9 8 8 8 7 7 7 8 8 7 7 7 100 89 6 5 5 5 5 6 7 6 4 3 2 1 1 2 3 4 5 5 1 1 1 2 2 3 3 4 20 45 6 6 7 119 19 21 20 21 22 7 6 6 6 6 7 131 27 27 628 2 14 1 2 2 3 4 4 6 7 121 6 5 4 3 1 1 2 2 3 4 5 5 5 5 5 5 5 5 5 5 4 4 4
10 9 9 9 8 8 8 9 9 8 8 125 112 6 5 5 5 4 4 4 4 5 6 5 3 2 1 1 2 3 4 4 1 1 1 2 2 3 3 4 12 20 5 5 6 118 18 20 19 20 21 6 5 5 5 5 6 130 26 26 627 1 11 2 1 1 2 3 3 5 6 7 108 5 5 4 3 2 1 1 2 3 4 4 4 4 4 4 4 4 4 4 3 3 3 3
10 10 10 9 9 9 10 169 159 148 136 6 5 5 5 4 4 4 3 3 3 3 4 5 4 2 1 1 2 3 3 1 1 2 2 2 3 3 4 4 19 4 4 5 117 17 19 18 19 20 5 4 4 4 4 5 129 25 25 621 5 4 3 3 1 1 2 2 4 5 6 97 5 5 4 4 3 2 1 1 2 3 3 3 3 3 3 3 3 3 3 2 2 2 2 2
11 11 10 10 10 11 170 1 1 2 3 4 5 4 4 4 3 3 3 2 2 2 2 3 4 3 1 1 2 2 3 1 2 2 3 3 3 4 4 18 3 3 4 116 16 18 17 18 19 4 3 3 3 3 4 128 24 24 609 6 5 4 3 2 2 1 1 3 4 5 6 85 5 4 4 3 3 2 1 1 2 2 2 2 2 2 2 2 2 2 1 1 1 1 1 1
12 11 11 11 12 171 2 2 1 1 1 2 3 4 3 3 3 2 2 2 1 1 1 1 2 3 2 1 1 2 3 4 2 3 3 4 4 4 9 2 2 3 115 15 17 16 17 18 3 2 2 2 2 3 127 23 23 595 7 6 5 4 3 2 1 1 2 3 4 5 6 74 4 4 3 3 2 2 1 1 1 1 1 1 1 1 1 1 1 1 1 1 1 1 1 1
12 12 12 13 172 3 3 2 2 1 1 1 1 2 3 2 2 2 1 1 1 1 1 1 1 1 2 1 1 2 3 7 5 3 4 4 5 5 1 1 2 114 14 16 15 16 17 2 1 1 1 1 2 126 22 22 23 567 4 6 5 4 3 2 1 1 2 3 4 5 6 63 4 3 3 2 2 1 1 1 1 1 1 1 1 1 1 1 1 1 2 2 2 2 2 2
13 13 14 173 4 4 3 3 2 2 2 1 1 1 1 2 1 1 1 1 2 2 2 2 1 1 1 1 1 2 2 1 8 6 4 5 5 6 6 1 113 13 15 14 15 16 1 1 1 1 1 1 125 21 21 22 22 538 6 3 5 4 3 2 1 1 2 3 4 5 6 52 4 3 2 2 1 1 1 1 2 2 2 2 2 2 2 2 2 2 2 3 3 3 3 3
14 15 174 5 5 4 4 3 3 3 2 2 2 1 1 1 1 1 2 3 3 3 3 2 2 2 1 1 1 1 1 3 2 9 7 5 6 6 95 112 12 14 13 14 15 15 1 1 2 2 2 124 20 20 21 21 22 511 4 5 2 4 3 2 1 1 2 3 4 5 5 43 3 3 2 1 1 1 1 2 2 3 3 3 3 3 3 3 3 3 3 3 4 4 4 4
16 175 6 6 5 5 4 4 4 3 3 3 2 2 2 1 2 3 4 4 4 4 3 3 3 2 2 1 1 1 1 2 19 27 42 56 68 82 10 11 13 12 13 14 14 15 46 63 81 100 120 19 19 20 20 21 21 485 4 3 4 1 3 2 1 1 2 3 4 4 5 34 3 2 2 1 1 1 2 2 3 3 4 4 4 4 4 4 4 4 4 4 4 5 5 5
176 7 7 6 6 5 5 5 4 4 4 3 3 3 2 3 4 5 5 5 5 4 4 4 3 9 4 1 1 4 8 13 5 5 6 6 7 9 10 12 11 12 13 13 14 15 15 16 16 17 18 18 19 19 20 20 21 425 38 3 2 3 1 2 1 1 2 3 3 4 8 23 2 2 1 1 1 2 2 3 3 4 4 5 5 5 5 5 5 5 5 5 5 5 6 6
8 8 7 7 6 6 6 5 5 5 4 4 4 3 4 5 6 6 6 6 5 5 5 4 10 3 2 1 1 2 3 4 4 5 5 6 8 9 11 10 11 12 12 13 14 14 15 15 16 17 17 18 18 19 19 20 20 21 383 37 2 1 1 1 1 1 2 2 3 7 18 2 2 1 1 1 1 2 3 3 4 4 5 5 6 6 6 6 6 6 6 6 6 315 338 388
9 8 8 7 7 7 6 6 6 5 5 5 4 5 6 7 7 7 7 6 6 6 5 11 7 2 2 1 1 2 3 3 4 4 5 7 8 10 9 10 11 11 12 13 13 14 14 15 16 16 17 17 18 18 19 19 20 20 354 8 36 1 2 9 2 1 1 2 6 13 2 2 1 1 1 1 2 2 3 4 4 5 5 6 6 7 7 7 7 7 259 281 303 17 43 12
9 9 8 8 8 7 7 7 6 6 6 5 6 7 8 8 8 8 7 7 7 6 12 10 1 1 1 1 1 2 2 3 3 4 6 7 9 8 9 10 10 11 12 12 13 13 14 15 15 16 16 17 17 18 18 19 19 19 19 315 7 35 24 7 6 1 1 5 8 2 2 1 1 4 1 2 2 3 3 4 5 5 6 6 7 7 8 8 223 245 15 15 16 42 11 11
10 9 9 9 8 8 8 7 7 7 6 7 8 9 9 9 9 8 8 42 34 26 12 1 1 1 1 1 1 1 2 2 3 5 6 8 7 8 9 9 10 11 11 12 12 13 14 14 15 15 16 16 17 17 18 18 18 18 19 289 6 6 8 7 6 5 4 3 2 2 1 1 3 4 5 2 3 3 4 4 5 6 6 7 7 8 8 207 14 14 14 15 41 10 10 11
10 10 10 9 9 9 8 8 8 7 8 9 10 10 10 10 9 9 43 1 1 1 1 1 2 2 2 1 1 1 1 2 4 5 7 6 7 8 8 9 10 10 11 11 12 13 13 14 14 15 15 16 16 17 17 17 17 18 18 253 17 5 5 7 6 5 4 3 2 1 1 2 3 4 13 6 3 4 4 5 5 6 7 7 8 8 190 13 13 13 14 40 9 9 10 11
1322 11 10 10 10 9 9 9 8 9 10 11 11 11 11 10 10 44 2 2 1 1 2 3 3 3 2 2 1 1 1 3 4 6 5 6 7 7 8 9 9 10 10 11 12 12 13 13 14 14 15 15 16 16 16 16 17 17 17 225 10 16 4 4 6 5 4 3 2 1 1 2 3 4 5 24 37 4 5 5 6 6 7 8 154 173 12 12 12 13 39 8 8 9 10 11
7 1344 11 11 10 10 10 9 10 11 12 12 12 12 11 11 45 3 3 2 2 3 4 4 4 3 3 2 1 1 2 3 5 4 5 6 6 7 8 8 9 9 10 11 11 12 12 13 13 14 14 15 15 15 15 16 16 16 16 199 9 9 15 3 3 5 4 3 2 1 1 2 3 4 5 6 7 52 64 77 91 106 121 138 10 11 11 11 12 38 7 7 8 9 10 11
9 1363 12 11 11 11 10 11 12 13 13 13 13 12 12 46 4 4 3 3 4 5 5 5 4 4 3 2 1 1 2 4 3 4 5 5 6 7 7 8 8 9 10 10 11 11 12 12 13 13 14 14 14 14 15 15 15 15 15 174 9 8 8 14 2 2 4 3 2 1 1 2 3 4 5 6 7 7 7 8 8 8 9 9 10 10 10 11 37 6 6 7 8 9 10 11
29 1385 12 12 12 11 12 13 14 14 14 14 13 13 47 5 5 4 4 5 6 6 6 5 5 4 3 2 1 1 3 2 3 4 4 5 6 6 7 7 8 9 9 10 10 11 11 12 12 13 13 13 13 14 14 14 14 14 14 151 8 8 7 7 13 1 1 3 2 1 1 2 3 4 5 6 6 6 7 7 7 8 8 9 9 9 10 36 5 5 6 7 8 9 10 10
4 1427 13 13 12 13 14 15 15 15 15 14 14 48 6 6 5 5 6 7 7 7 6 6 5 4 3 2 1 1 1 2 3 3 4 5 5 6 6 7 8 8 9 9 10 10 11 11 12 12 12 12 13 13 13 13 13 13 13 130 7 7 7 6 6 12 1 3 2 1 1 2 3 4 5 5 5 6 6 6 7 7 8 8 8 9 35 4 4 5 6 7 8 9 9 9
5 1445 14 13 14 15 16 16 16 16 15 15 49 7 7 6 6 7 8 8 8 7 7 6 5 4 3 2 2 1 1 2 2 3 4 4 5 5 6 7 7 8 8 9 9 10 10 11 11 11 11 12 12 12 12 12 12 12 11 111 7 6 6 6 5 5 10 3 2 1 1 2 3 4 4 4 5 5 5 6 6 7 7 7 8 34 3 3 4 5 6 7 8 8 8 8
6 6 1473 15 16 17 17 17 17 16 16 50 8 8 7 7 8 9 9 9 8 8 7 6 5 4 3 3 2 1 1 1 2 3 3 4 4 5 6 6 7 7 8 8 9 9 10 10 10 10 11 11 11 11 11 11 11 10 9 9 92 6 5 5 5 4 4 3 2 1 1 2 3 3 3 4 4 4 5 5 6 6 6 7 33 2 2 3 4 5 6 7 7 7 7 8
7 7 1495 17 18 18 18 18 17 17 51 9 9 8 8 9 10 10 10 9 9 8 7 6 5 4 4 3 2 1 1 1 2 2 3 3 4 5 5 6 6 7 7 8 8 9 9 9 9 10 10 10 10 10 10 10 9 8 8 8 78 5 5 4 4 4 3 3 2 1 1 2 2 2 3 3 3 4 4 5 5 5 6 32 1 1 2 3 4 5 6 6 6 6 7 7
12 8 1520 19 19 19 19 18 18 52 10 10 9 9 10 11 11 11 10 10 9 8 7 6 5 5 4 3 2 2 1 1 1 2 2 3 4 4 5 5 6 6 7 7 8 8 8 8 9 9 9 9 9 9 9 8 7 7 7 7 65 5 4 4 3 3 3 2 2 1 1 1 1 2 2 2 3 3 4 4 4 5 5 25 1 1 2 3 4 5 5 5 5 6 6 6
14 13 1548 20 20 20 19 19 53 11 11 10 10 11 12 12 12 11 11 10 9 8 7 6 6 5 4 3 3 2 1 1 1 1 2 3 3 4 4 5 5 6 6 7 7 7 7 8 8 8 8 8 8 8 7 6 6 6 6 7 53 4 4 3 3 2 2 2 1 1 1 1 1 1 1 2 2 3 3 3 4 4 5 18 1 1 2 3 4 4 4 4 5 5 5 77
13 15 1582 21 21 20 20 54 12 12 11 11 12 13 13 13 12 12 11 10 9 8 7 7 6 5 4 4 3 2 2 1 1 1 2 2 3 3 4 4 5 5 6 6 6 6 7 7 7 7 7 7 7 6 5 5 5 5 6 6 42 4 3 3 2 2 1 1 1 1 1 2 2 1 1 1 2 2 2 3 3 4 14 2 1 1 2 3 3 3 3 4 4 4 5 62
13 14 1619 22 21 21 55 13 13 12 12 13 14 14 14 13 13 12 11 10 9 8 8 7 6 5 5 4 3 3 2 2 1 1 1 2 2 3 3 4 4 5 5 5 5 6 6 6 6 6 6 6 5 4 4 4 4 5 5 5 33 3 3 2 2 1 1 1 1 1 2 2 3 3 2 1 1 1 2 2 3 3 7 3 1 1 2 2 2 2 3 3 3 4 4 49
14 14 1656 22 22 56 14 14 13 13 14 15 15 15 14 14 13 12 11 10 9 9 8 7 6 6 5 4 4 3 3 2 1 1 1 1 2 2 3 3 4 4 4 4 5 5 5 5 5 5 5 4 3 3 3 3 4 4 4 5 24 3 2 2 1 1 1 1 2 2 2 3 3 4 4 3 1 1 1 2 2 2 2 2 2 1 1 1 1 2 2 2 3 3 33 8
15 15 15 1701 57 15 15 14 14 15 16 16 16 15 15 14 13 12 11 10 10 9 8 7 7 6 5 5 4 4 3 2 2 1 1 1 1 2 2 3 3 3 3 4 4 4 4 4 4 4 3 2 2 2 2 3 3 3 4 4 4 15 2 1 1 1 1 2 2 3 3 3 4 4 9 1 4 2 1 1 1 1 1 1 1 1 1 1 1 1 1 2 2 3 22 7
15 16 16 1774 16 16 15 15 16 17 17 17 16 16 15 14 13 12 11 11 10 9 8 8 7 6 6 5 5 4 3 3 2 2 1 1 1 1 2 2 2 2 3 3 3 3 3 3 3 2 1 1 1 1 2 2 2 3 3 3 3 9 2 1 1 1 2 2 3 3 4 4 4 5 15 5 3 1 1 1 1 1 1 1 1 2 2 2 2 1 1 1 2 2 13 6
16 16 17 1807 17 16 16 17 18 18 18 17 17 16 15 14 13 12 12 11 10 9 9 8 7 7 6 6 5 4 4 3 3 2 1 1 2 1 1 1 1 2 2 2 2 2 2 2 1 1 1 1 1 1 1 1 2 2 2 2 2 4 2 1 1 2 2 3 3 4 4 5 5 5 26 4 2 2 2 1 1 2 2 2 2 2 3 3 3 3 2 1 1 1 6 5
16 17 17 1842 17 17 18 19 19 19 18 18 17 114 96 79 63 13 12 11 10 10 9 8 8 7 7 6 5 5 4 4 3 2 2 1 1 3 1 1 1 1 1 1 1 1 1 1 1 1 2 2 2 2 1 1 1 1 1 1 1 1 1 1 1 2 3 3 4 4 5 5 6 6 36 3 3 3 2 1 1 2 3 3 3 3 3 4 4 4 4 3 1 1 1 4
158 17 18 1877 18 19 20 20 20 19 19 18 117 2 2 2 2 37 23 11 11 10 9 9 8 8 7 6 6 5 5 4 3 3 2 2 1 1 4 2 2 1 1 1 1 1 1 1 2 2 2 3 3 3 3 2 1 1 1 1 1 1 1 1 1 2 3 4 4 5 5 6 6 7 46 4 4 3 2 1 1 2 3 4 4 4 4 4 5 5 5 9 2 1 1 1
1 159 18 1914 20 21 21 21 20 20 19 118 1 1 1 1 1 1 1 12 11 10 10 9 9 8 7 7 6 6 5 4 4 3 3 2 1 1 2 5 3 3 2 2 2 2 2 2 2 3 3 3 4 4 4 4 3 2 2 2 2 4 2 1 1 2 3 4 5 5 6 6 7 7 58 5 4 3 2 1 1 2 3 4 5 5 5 5 5 6 6 17 2 2 2 1
1 2 160 1953 22 22 22 21 21 20 119 2 2 1 1 1 1 1 13 12 11 11 10 10 9 8 8 7 7 6 5 5 4 4 1 1 3 2 2 3 6 4 4 3 3 3 3 3 3 3 4 4 4 5 5 5 5 4 3 3 3 9 2 1 1 2 3 4 5 6 6 7 7 8 71 5 4 3 1 1 2 2 3 4 5 6 6 6 6 6 30 3 3 3 2 2
2 2 3 161 1998 23 22 22 21 120 3 3 2 2 2 2 2 14 13 12 12 11 11 10 9 9 8 8 7 6 6 5 5 2 2 1 1 4 3 3 4 7 5 5 4 4 4 4 4 4 4 5 5 5 6 6 6 6 5 4 4 15 2 1 1 2 3 4 5 6 7 7 8 8 85 5 4 2 1 1 2 3 3 4 5 6 19 7 1 1 7 37 4 3 3 2
3 3 3 4 2183 23 23 22 121 4 4 3 3 3 3 3 15 14 13 13 12 12 11 10 10 9 9 8 7 7 6 6 3 3 2 2 5 1 1 4 4 5 8 6 6 5 5 5 5 5 5 5 6 6 6 7 7 7 7 6 5 22 2 1 1 2 3 4 5 26 36 49 61 9 99 5 3 2 1 1 2 3 4 4 5 31 8 2 1 1 2 49 4 4 3 3
4 4 4 4 2211 24 23 122 5 5 4 4 4 4 4 16 15 14 14 13 13 12 11 11 10 10 9 8 8 7 7 4 4 3 3 6 2 2 1 1 5 5 6 9 7 7 6 6 12 18 6 6 6 7 7 7 8 8 8 8 7 30 2 2 1 1 3 4 15 3 5 4 5 73 10 108 3 2 1 1 2 3 4 5 5 45 3 2 1 1 2 56 5 4 4 3
5 5 5 5 5 2259 123 6 6 5 5 5 5 5 17 16 15 15 14 14 13 12 12 11 11 10 9 9 8 8 5 5 4 4 7 3 3 2 1 1 2 6 6 7 10 8 8 7 1 1 19 7 7 7 8 8 8 9 9 9 46 3 3 2 1 1 2 6 2 4 3 4 6 5 84 101 109 4 3 2 2 3 4 5 6 54 3 2 2 1 59 6 5 5 4 4
6 6 6 6 6 2388 7 7 6 6 6 6 6 18 17 16 16 15 15 14 13 13 12 12 11 10 10 9 9 6 6 5 5 8 4 4 3 2 1 1 2 3 7 7 18 1 9 9 8 2 2 20 8 8 8 9 9 9 10 10 59 4 3 2 2 1 1 1 3 2 3 5 4 5 6 6 113 110 5 4 3 3 4 5 6 7 60 3 2 60 7 6 6 5 5 5
7 7 7 7 7 2402 8 7 7 7 7 7 19 18 17 17 16 16 15 14 14 13 13 12 11 11 10 10 7 7 6 6 9 5 5 4 3 2 1 1 2 3 4 33 2 1 1 10 10 9 3 3 21 9 9 9 10 10 10 11 74 4 3 3 2 1 1 2 1 2 4 3 4 5 5 5 6 125 111 6 5 4 4 5 6 7 71 3 61 8 7 7 6 6 6 6
9 8 8 8 8 8 2418 8 8 8 8 20 19 18 18 17 17 16 15 15 14 14 13 12 12 11 11 8 8 7 7 10 6 6 5 4 3 2 1 1 2 3 4 40 2 1 1 2 11 11 10 4 4 22 10 10 10 11 11 11 90 4 4 3 2 2 1 1 1 3 2 3 4 4 4 5 5 5 133 112 7 6 5 5 6 7 82 62 9 8 8 7 7 7 7 7
10 10 9 9 9 9 2435 9 9 9 21 20 19 19 18 18 17 16 16 15 15 14 13 13 12 12 9 9 8 8 11 7 7 6 5 4 3 2 1 1 2 3 48 3 2 2 1 1 3 12 12 36 42 48 71 11 11 11 12 12 12 99 4 3 3 2 1 1 2 1 2 3 3 3 4 4 4 2 2 134 113 8 7 6 6 96 63 10 9 9 8 8 8 8 8 7
19 11 11 10 10 10 10 2454 10 22 21 20 20 19 19 18 17 17 16 16 15 14 14 13 13 10 10 9 9 12 8 8 7 6 5 4 3 1 1 2 2 3 55 3 3 2 1 1 2 4 13 1 1 1 1 72 12 12 12 13 13 116 4 4 3 2 2 1 1 1 2 2 2 3 3 3 1 1 1 3 135 114 9 8 7 166 11 10 10 9 9 9 9 9 8 7
19 20 12 12 11 11 11 2475 23 22 21 21 20 20 19 18 18 17 17 16 15 15 14 14 11 11 10 10 13 9 9 8 7 6 5 4 2 1 1 2 3 3 62 4 3 2 2 1 1 3 5 1 1 1 2 2 73 13 13 13 14 134 5 4 3 3 2 2 1 1 1 1 2 2 2 1 1 1 1 2 4 136 115 10 9 185 11 11 10 10 10 10 10 9 8 7
473 20 21 13 13 12 12 12 2521 22 22 21 21 20 19 19 18 18 17 16 16 15 15 12 12 11 11 14 10 10 9 8 7 6 5 3 1 1 2 2 3 4 70 4 3 3 2 1 1 2 4 6 2 2 2 3 3 74 14 14 14 154 5 4 4 3 3 2 1 1 1 1 1 1 1 1 2 2 2 2 3 5 137 116 205 12 12 11 11 11 11 11 10 9 8 7
212 703 741 780 794 14 13 13 2556 23 22 22 21 20 20 19 19 18 17 17 16 16 13 13 12 12 15 11 11 10 9 8 7 6 4 1 1 2 2 3 3 4 79 4 4 3 2 2 1 1 3 5 7 3 3 3 4 4 75 15 15 15 164 5 4 4 3 2 2 1 1 2 1 1 1 2 11 16 22 3 34 42 6 138 117 230 12 12 12 12 12 11 10 9 8 7
17 17 17 18 1 795 15 14 14 2602 23 22 21 21 20 20 19 18 18 17 17 14 14 13 13 16 12 12 11 10 9 8 7 5 2 1 1 2 3 3 4 4 5 88 4 3 3 2 1 1 2 4 6 8 4 4 4 5 5 76 16 16 185 5 5 4 3 3 2 2 1 1 3 2 2 7 2 3 3 28 4 4 49 56 139 118 255 13 13 13 12 11 10 9 8 7
16 16 17 17 19 2 796 16 15 15 2648 22 22 21 21 20 19 19 18 18 15 15 14 14 17 13 13 12 11 10 9 8 6 3 2 1 1 2 3 4 4 5 5 6 96 4 3 2 2 1 1 3 5 7 9 5 5 5 6 6 77 17 207 6 5 4 4 3 3 2 1 1 2 4 3 1 2 2 2 3 3 2 1 1 57 140 387 14 14 13 12 11 10 9 8 7
15 16 16 16 50 20 3 797 17 16 2686 23 22 22 118 96 75 54 35 16 16 15 15 18 14 14 13 12 11 10 9 7 4 3 2 1 1 2 3 12 1 1 7 6 107 4 3 3 2 1 1 2 4 6 8 10 6 6 6 7 7 78 231 6 5 5 4 4 3 2 1 1 2 3 5 1 1 1 2 2 1 1 1 2 2 58 141 416 14 13 12 11 10 9 8 7
15 15 15 16 16 83 21 4 798 18 2726 23 23 119 1 1 1 1 1 17 16 16 19 15 15 14 13 12 11 10 8 5 4 3 2 1 1 2 18 2 1 1 1 8 7 115 4 3 2 1 1 2 3 8 16 26 37 7 7 7 8 8 316 6 6 5 5 4 3 2 1 1 2 3 4 6 1 1 1 1 1 1 2 2 3 3 59 572 14 13 12 11 10 9 8 8
14 14 15 15 16 16 84 22 5 3543 24 24 120 2 1 1 1 2 18 17 17 20 16 16 15 14 13 12 11 9 6 5 4 3 2 1 1 2 23 2 2 1 1 2 9 127 4 3 2 1 1 2 3 1 1 1 1 38 8 8 8 9 331 7 6 6 5 4 3 2 1 1 2 3 4 5 7 2 1 1 2 2 2 3 3 4 4 646 14 13 12 11 10 9 9 8
13 14 14 15 15 16 17 85 23 6 3592 121 3 2 2 2 3 19 18 18 21 17 17 16 15 14 13 12 10 7 6 5 4 3 2 1 1 2 3 26 1 3 2 2 139 5 4 3 2 2 1 1 3 4 1 1 2 2 39 9 9 9 10 345 7 6 5 4 3 2 1 1 2 3 4 5 6 8 3 2 2 3 3 3 4 4 5 665 14 13 12 11 10 10 9 8
13 13 14 14 15 15 17 18 86 24 3720 4 3 3 3 4 20 19 19 22 18 18 17 16 15 14 13 11 8 7 6 5 4 3 1 1 2 2 3 4 27 2 8 140 6 5 4 3 3 2 1 1 2 4 5 2 2 3 3 40 10 10 10 363 7 6 5 4 3 1 1 2 2 3 4 5 6 7 9 4 3 3 4 4 4 5 5 6 693 13 12 11 11 10 9 8
12 13 13 14 14 15 45 18 19 87 3749 4 4 4 5 21 20 20 23 19 19 18 17 16 15 14 12 9 8 7 6 5 4 2 1 1 2 3 3 4 5 28 151 7 6 5 4 4 3 2 1 1 2 3 5 6 3 3 4 4 41 11 11 381 7 6 5 4 1 1 2 2 3 3 4 5 6 7 8 10 5 4 4 5 5 5 6 6 713 13 12 12 11 10 9 9
12 12 13 13 14 14 6 56 19 20 3841 5 5 6 22 21 21 24 20 20 19 18 17 16 15 13 10 9 8 7 6 5 3 2 1 1 2 3 4 4 5 185 8 7 6 5 5 4 3 2 1 1 2 3 4 6 7 4 4 5 5 42 12 12 395 6 5 2 1 1 2 3 3 4 4 5 6 7 8 9 11 6 5 5 6 6 6 726 14 13 13 12 11 10 10 9
11 12 12 13 13 5 4 4 57 20 3867 6 7 23 22 22 25 21 21 20 19 18 17 16 14 11 10 9 8 7 6 4 3 2 2 1 1 3 4 5 5 199 8 7 6 6 5 4 3 2 1 1 2 3 4 5 7 8 5 5 6 6 43 13 414 6 3 1 1 2 2 3 4 4 9 1 6 7 8 9 10 12 7 6 6 7 7 747 14 14 13 12 11 11 10 9
11 11 12 12 4 3 3 3 5 58 3894 8 24 23 23 26 22 22 21 20 19 18 17 15 12 11 10 9 8 7 5 4 3 3 2 1 1 2 4 5 6 6 215 7 7 6 5 4 3 2 1 1 2 3 4 5 6 8 9 6 6 7 7 44 434 4 2 1 1 2 3 3 4 5 14 1 2 7 8 9 10 11 13 8 7 7 8 8 776 14 13 12 12 11 10 10
10 11 11 3 2 2 2 2 4 6 3961 25 24 24 27 23 23 22 21 20 19 18 16 13 12 11 10 9 8 6 5 4 4 3 2 2 1 1 3 5 6 7 229 8 7 6 5 4 3 2 1 1 2 3 4 5 6 7 9 10 7 7 8 8 483 3 2 1 1 2 3 4 4 5 6 15 2 3 8 9 10 11 12 14 9 8 8 9 799 14 13 13 12 11 11 10
10 10 2 1 1 1 1 1 3 5 3993 25 25 28 24 24 23 22 21 20 19 17 14 13 12 11 10 9 7 6 5 5 4 3 3 2 1 1 2 4 6 7 245 8 7 6 5 4 3 2 2 1 1 3 4 5 6 7 8 10 11 8 8 9 495 3 2 1 1 2 3 4 5 5 6 7 16 3 4 9 10 11 12 13 15 10 9 9 823 14 14 13 12 12 11 10
9 1 1 1 1 1 1 1 2 4 4024 26 29 25 25 24 23 22 21 20 18 15 14 13 12 11 10 8 7 6 6 5 4 4 3 2 1 1 2 3 5 7 261 8 7 6 5 4 3 3 2 1 1 2 4 5 6 7 8 9 11 12 9 9 508 3 2 2 1 1 3 4 5 6 6 7 8 17 4 5 10 11 12 13 14 16 11 10 847 15 14 13 13 12 11 11
8 1 1 2 2 2 2 2 2 3 5 4080 26 26 25 24 23 22 21 19 16 15 14 13 12 11 9 8 7 7 6 5 5 4 3 2 1 1 2 3 4 6 8 277 7 6 5 4 4 3 2 1 1 2 3 5 6 7 8 9 10 12 13 10 10 514 3 2 1 1 4 10 5 6 7 7 8 9 18 5 6 11 12 13 14 15 17 12 873 15 14 14 13 12 12 11
1 9 2 2 3 3 3 3 3 3 4 4112 27 26 25 24 23 22 20 17 16 15 14 13 12 10 9 8 8 7 6 6 5 4 3 2 1 1 2 3 4 5 7 293 7 6 5 5 4 3 2 1 1 2 3 4 6 7 8 9 10 11 13 14 535 4 3 3 1 1 2 3 16 24 7 8 8 9 10 19 6 7 12 13 14 15 16 18 901 15 15 14 13 13 12 11
1 2 10 3 3 4 4 4 4 4 4 4144 27 26 25 24 23 21 18 17 16 15 14 13 11 10 9 9 8 7 7 6 5 4 3 2 2 1 1 3 4 5 6 8 307 6 6 5 4 3 2 2 1 1 3 9 16 26 37 50 64 80 12 14 554 9 5 1 1 1 2 2 2 2 27 8 9 9 10 11 20 7 8 13 14 15 16 17 935 16 15 14 14 13 12 12
2 2 3 11 4 4 5 5 5 5 5 4176 27 26 25 24 22 19 18 17 16 15 14 12 11 10 10 9 8 8 7 6 5 4 3 3 2 1 1 2 4 5 6 7 9 320 6 5 4 3 3 2 1 1 2 2 3 3 4 4 5 5 91 109 687 1 1 2 1 1 1 1 1 1 1 28 9 10 10 11 12 21 8 9 14 15 16 17 969 16 15 15 14 13 13 12
18 24 31 4 12 5 5 6 6 6 6 6 4230 26 25 23 20 19 18 17 16 15 13 12 11 11 10 9 9 8 7 6 5 4 4 3 2 1 1 2 3 5 6 7 8 336 6 5 4 4 3 2 2 1 1 2 2 3 3 4 4 5 5 4 1 690 3 2 1 1 1 1 1 1 2 2 29 10 11 11 12 13 22 9 10 15 16 17 1003 16 16 15 14 14 13 12
3 4 1 32 5 13 6 6 7 7 7 7 4263 26 24 21 20 19 18 17 16 14 13 12 12 11 10 10 9 8 7 6 5 5 4 3 2 1 1 2 3 4 6 7 8 351 6 5 5 4 3 3 2 1 1 1 2 2 3 3 4 4 3 2 5 695 3 2 2 1 1 2 2 2 2 3 3 30 11 12 12 13 14 23 10 11 16 17 1037 17 16 15 15 14 13 13
3 1 1 2 33 6 92 106 127 144 161 179 197 4566 22 21 20 19 18 17 15 14 13 13 12 11 11 10 9 8 7 6 6 5 4 3 2 2 1 1 3 4 5 7 8 366 6 6 5 4 4 3 2 1 1 1 1 2 2 3 3 2 1 1 3 704 3 3 2 1 1 2 3 3 3 3 4 4 31 12 13 13 14 15 24 11 12 1071 18 17 16 16 15 14 14 13
4 10 15 21 33 72 7 14 9 9 10 10 11 11 22 21 20 19 18 16 15 14 14 13 12 12 11 10 9 8 7 7 6 5 4 3 3 2 1 1 2 4 5 6 8 381 7 6 5 5 4 3 2 2 1 1 1 1 2 2 1 1 1 1 2 711 4 3 2 1 1 2 3 4 4 4 4 5 5 32 13 14 14 15 16 25 12 13 1107 17 17 16 15 15 14 13
