project3-viewshed-project3-duncangans/render/set1flow.asc
ncols 391
nrows 472
xllcorner 271845
yllcorner 3875415
cellsize 30
NODATA_value -9999
[rows 71 to 141 of 472, columns 0 to 95 of 391]
-9999 -9999 -9999 -9999 -9999 -9999 -9999 -9999 -9999 -9999 1 2 3 4 4 4 5 7 11 101 3 1 1 2 2 3 4 5 5 6 6 7 8 8 9 10 10 10 10 108 1 14 4 3 2 2 3 1 1 4 7 1 1 2 9 5 4 3 1 1 2 2 3 4 5 6 7 2 2 41 55 4 11 9 13 4 5 5 5 5 5 7 7 7 7 7 7 7 6 6 6 6 6 6 6 7
-9999 -9999 -9999 -9999 -9999 -9999 -9999 -9999 -9999 -9999 1 2 3 4 5 5 5 6 8 116 1 1 2 2 3 3 4 5 6 6 7 7 8 9 9 10 11 11 11 120 15 5 4 3 3 4 2 2 1 1 5 8 1 1 3 4 4 3 2 1 1 2 3 4 5 5 16 29 37 6 6 20 3 10 8 6 6 6 6 6 8 8 8 8 8 8 8 7 7 7 7 7 7 7 8 8
-9999 -9999 -9999 -9999 -9999 -9999 -9999 -9999 -9999 -9999 1 2 3 4 5 6 6 6 7 9 117 2 2 3 3 4 4 5 6 7 7 8 8 9 10 10 11 12 12 147 6 5 1 1 11 3 3 2 2 1 1 14 1 1 1 2 3 3 2 1 1 2 3 4 4 4 5 5 5 5 10 7 2 2 9 7 7 7 7 9 9 9 9 9 9 9 8 8 8 8 8 8 8 9 9 7
-9999 -9999 -9999 -9999 -9999 -9999 -9999 -9999 -9999 -9999 1 2 3 4 5 6 7 7 7 8 10 118 3 3 4 4 5 5 6 7 15 1 9 9 10 11 11 85 261 7 6 2 1 1 2 18 3 3 2 1 1 17 2 2 1 1 1 2 2 1 1 2 3 3 3 4 4 4 4 9 1 2 3 1 1 8 8 8 10 10 10 10 10 10 10 9 9 9 9 9 9 9 10 10 8 7
-9999 -9999 -9999 -9999 -9999 -9999 -9999 -9999 -9999 -9999 1 2 3 4 5 6 7 8 8 8 9 11 119 4 4 5 5 6 167 175 206 1 1 12 26 43 62 4 5 262 16 1 1 2 2 24 4 3 2 1 1 21 3 2 2 1 1 1 1 1 1 2 2 2 3 3 3 3 4 4 1 1 1 12 5 868 855 840 11 11 11 11 11 11 10 10 10 10 10 10 10 11 11 9 8 8
-9999 -9999 -9999 -9999 -9999 -9999 -9999 -9999 -9999 -9999 1 2 3 4 5 6 7 8 9 9 9 10 12 120 125 131 139 155 1 1 5 1 1 4 6 7 3 4 6 20 307 1 1 2 29 5 4 1 1 5 22 4 3 3 2 2 2 1 1 1 1 1 1 2 2 2 2 3 3 1 1 1 1 5 5 4 4 6 818 773 755 739 724 575 555 34 11 11 11 11 12 12 10 9 9 18
-9999 -9999 -9999 -9999 -9999 -9999 -9999 -9999 -9999 -9999 1 2 3 4 5 6 7 8 9 10 10 10 11 24 1 2 6 2 2 2 1 1 3 5 6 2 3 5 8 7 11 1 9 18 64 1 1 5 8 23 5 4 4 3 3 3 2 2 2 1 1 1 1 1 1 1 2 2 1 1 2 24 31 5 4 4 3 3 5 33 6 4 3 137 9 510 12 12 12 13 13 11 10 10 19 12
-9999 -9999 -9999 -9999 -9999 -9999 -9999 -9999 -9999 1 1 2 3 4 5 6 7 8 9 10 41 1 1 1 1 3 1 1 1 1 1 2 4 5 1 2 4 7 6 6 4 6 7 9 10 109 120 1 58 1 1 14 4 4 4 3 3 3 2 2 1 1 2 1 1 1 1 1 1 8 20 5 262 5 4 3 3 2 2 4 32 5 3 2 136 8 509 490 472 454 12 11 11 20 13 12
-9999 -9999 -9999 -9999 -9999 -9999 -9999 -9999 -9999 1 2 2 3 4 5 6 7 74 134 1 1 1 1 2 1 1 4 1 1 7 1 3 1 3 1 3 6 5 5 3 5 6 8 9 34 4 4 19 1 16 33 53 5 5 4 4 4 3 3 2 1 1 2 3 2 2 1 1 5 10 4 249 6 6 4 3 2 2 1 1 3 31 4 2 1 135 7 6 5 4 428 413 392 284 252 237
-9999 -9999 -9999 -9999 -9999 -9999 -9999 -9999 -9999 1 2 3 3 4 34 45 59 40 2 29 17 3 161 3 1 2 1 4 7 6 6 2 1 1 2 5 4 4 2 4 5 7 8 33 3 3 4 14 15 15 15 1 65 10 5 5 4 4 3 2 1 1 2 3 4 3 3 2 9 3 3 241 4 5 5 3 2 1 1 2 3 24 3 3 1 127 7 6 5 4 3 3 9 87 18 2
-9999 -9999 -9999 -9999 -9999 -9999 -9999 -9999 -9999 1 4 12 18 25 5 7 39 1 2 11 15 16 2 160 2 1 1 2 39 6 5 5 1 1 4 3 3 1 3 4 6 7 32 2 2 3 13 14 14 14 15 182 1 1 11 5 5 4 3 2 1 1 2 3 4 5 4 8 2 2 230 7 3 3 4 4 2 1 1 2 3 3 17 2 2 109 17 6 5 4 3 2 2 8 86 17
-9999 -9999 -9999 -9999 -9999 -9999 -9999 -9999 -9999 1 5 2 3 4 6 7 31 1 10 2 11 1 15 1 159 1 1 10 22 6 5 4 4 3 2 1 1 2 3 5 6 31 1 1 2 12 13 13 13 14 146 5 11 6 7 6 5 4 3 2 1 1 2 3 4 5 6 1 1 4 219 6 6 2 2 3 3 1 1 2 2 3 11 2 1 1 108 16 5 4 3 2 1 1 7 85
-9999 -9999 -9999 -9999 -9999 -9999 -9999 -9999 -9999 4 1 2 3 5 6 29 1 9 1 2 8 7 7 7 142 9 9 8 7 6 5 4 3 3 2 1 1 2 4 5 6 23 1 1 11 12 12 12 13 145 4 3 3 4 5 6 7 29 1 13 1 4 2 3 11 1 17 4 3 2 2 214 5 5 1 1 2 2 1 1 2 2 3 5 1 3 88 16 15 4 3 2 1 1 2 3
-9999 -9999 -9999 -9999 -9999 -9999 -9999 -9999 -9999 3 1 2 4 5 27 1 7 1 1 7 6 6 6 122 10 9 8 8 7 6 5 4 3 2 2 1 1 3 4 5 6 7 9 10 11 11 11 12 144 3 2 2 3 4 5 6 6 6 6 181 1 2 9 17 1 313 5 4 3 2 1 1 213 4 4 2 1 1 1 1 1 2 2 2 2 3 69 15 15 14 3 2 1 1 2 3
-9999 -9999 -9999 -9999 -9999 -9999 -9999 -9999 -9999 2 1 3 4 25 1 1 2 3 6 5 5 5 4 107 10 9 8 7 7 6 5 4 3 2 1 1 2 3 4 5 6 8 9 10 10 10 11 143 2 1 1 2 3 4 5 5 5 5 179 1 1 2 2 3 4 291 5 4 3 2 1 1 2 209 3 1 1 1 1 1 1 1 1 1 2 2 52 14 14 14 13 2 1 1 2 50
-9999 -9999 -9999 -9999 -9999 -9999 -9999 -9999 -9999 1 2 3 4 19 1 1 2 5 4 4 4 3 4 92 10 9 8 7 6 6 5 4 3 2 1 1 2 3 4 5 7 8 9 9 9 10 137 3 2 1 1 2 3 4 4 4 4 5 171 2 1 1 2 3 4 281 5 4 3 2 1 1 2 202 4 2 2 2 2 1 1 1 1 1 1 25 13 13 13 13 13 12 1 1 11 29
-9999 -9999 -9999 -9999 -9999 -9999 -9999 -9999 -9999 1 2 3 4 13 1 1 4 3 3 3 2 3 6 76 9 9 8 7 6 5 5 4 3 2 1 1 2 3 4 6 7 8 8 8 9 9 124 3 2 1 1 2 3 3 3 3 4 165 3 2 1 1 2 3 4 271 5 4 3 2 1 1 2 3 196 3 3 3 2 2 2 2 1 1 12 12 12 12 12 12 12 12 11 10 9 9
-9999 -9999 -9999 -9999 -9999 -9999 -9999 -9999 -9999 1 2 3 4 4 4 3 2 2 2 1 2 5 57 9 9 8 8 7 6 5 4 4 3 2 1 1 2 3 5 6 7 7 7 8 8 117 3 3 2 1 1 2 2 2 2 3 5 156 3 2 1 1 2 3 5 260 5 4 3 2 1 1 2 3 4 188 136 3 3 3 3 2 2 13 12 11 11 11 11 11 11 11 11 10 9 8
-9999 -9999 -9999 -9999 -9999 -9999 -9999 -9999 -9999 1 2 3 3 3 2 1 1 1 1 1 4 3 45 8 8 8 7 7 6 5 4 3 3 2 1 1 2 4 5 6 6 6 7 7 13 100 3 2 2 1 1 1 1 1 2 4 149 3 3 2 1 1 2 4 6 249 4 4 3 2 1 1 2 3 3 35 10 129 115 101 86 72 58 34 11 11 10 10 10 10 10 10 10 10 9 8
-9999 -9999 -9999 -9999 -9999 -9999 -9999 -9999 -9999 1 2 2 2 1 1 1 1 1 1 3 2 32 6 6 7 7 7 6 6 5 4 3 2 2 1 1 3 4 5 5 5 6 6 12 23 74 2 2 1 1 1 1 1 1 3 141 4 3 2 2 1 1 3 5 6 239 3 3 3 2 1 1 2 2 3 22 9 9 10 10 11 11 11 10 10 10 10 9 9 9 9 9 9 9 9 8
-9999 -9999 -9999 -9999 -9999 -9999 -9999 -9999 -9999 1 1 1 1 1 1 2 2 2 2 1 4 22 5 5 5 6 6 6 5 5 4 3 2 1 1 2 3 4 4 4 5 5 11 22 69 2 2 1 1 1 1 2 2 2 16 121 3 3 2 1 1 2 4 5 6 230 2 2 2 2 1 1 1 2 2 15 4 8 8 9 9 10 10 10 9 9 9 9 8 8 8 8 8 8 8 8
-9999 -9999 -9999 -9999 -9999 -9999 -9999 -9999 -9999 1 1 1 1 2 2 2 3 3 3 3 5 11 5 4 4 4 5 5 5 4 4 3 2 1 1 2 3 3 3 4 4 10 21 10 56 2 1 1 1 1 2 2 3 15 113 4 3 2 2 1 1 3 4 5 6 221 2 1 1 1 1 1 1 1 2 9 3 3 7 7 8 8 9 9 9 8 8 8 8 7 7 7 7 7 7 7
-9999 -9999 -9999 -9999 -9999 -9999 -9999 -9999 -9999 1 2 2 2 2 3 3 3 4 4 4 6 2599 4 4 3 3 3 4 4 4 3 3 2 1 1 2 2 2 3 3 9 20 9 52 2 1 1 1 1 2 2 3 9 103 5 4 3 2 1 1 2 3 4 5 6 211 3 1 1 1 1 1 2 1 4 2 2 2 2 6 6 7 7 8 8 8 7 7 7 7 6 6 6 6 6 6
-9999 -9999 -9999 -9999 -9999 -9999 -9999 -9999 -9999 1 2 3 3 3 3 4 4 4 5 5 2535 59 4 3 3 2 2 2 3 3 3 2 2 1 1 1 1 2 2 8 19 8 9 10 32 1 1 1 2 2 3 3 71 26 5 4 3 2 1 1 2 3 4 5 6 187 17 2 2 2 1 1 2 3 1 2 1 1 1 1 5 5 6 6 7 7 7 6 6 6 6 5 5 5 5 5
-9999 -9999 -9999 -9999 -9999 -9999 -9999 -9999 -9999 1 2 3 4 4 4 4 5 5 16 98 2422 14 58 3 2 2 1 1 1 2 2 2 1 1 1 1 1 1 7 18 7 8 9 27 4 5 1 2 2 3 3 70 19 3 3 4 3 2 1 1 2 3 4 5 5 6 175 16 3 2 1 1 2 9 1 397 1 1 1 1 1 4 4 5 5 6 6 6 5 5 5 5 4 4 4 4
-9999 -9999 -9999 -9999 -9999 -9999 -9999 -9999 -9999 1 2 3 4 5 5 5 5 6 76 11 2396 14 13 57 2 1 1 1 3 2 1 1 1 1 1 2 2 6 17 6 7 8 26 3 4 5 22 34 44 53 63 7 9 2 2 2 3 2 1 1 2 3 4 4 5 6 6 162 10 4 1 1 4 8 597 42 396 2 2 2 1 3 3 3 4 4 5 5 5 4 4 4 4 3 3 3
-9999 -9999 -9999 -9999 -9999 -9999 -9999 -9999 -9999 1 2 3 4 5 6 6 6 75 10 2366 15 14 13 12 56 1 36 4 1 9 1 1 1 1 2 2 3 16 5 6 7 25 2 3 4 11 10 7 6 6 6 6 1412 2 1 1 1 2 1 1 2 3 3 4 5 5 6 151 4 3 1 1 2 2 3 596 41 392 287 14 9 3 2 2 2 3 3 4 4 4 3 3 3 3 2 2
-9999 -9999 -9999 -9999 -9999 -9999 -9999 -9999 -9999 1 2 3 4 5 6 7 63 9 10 2341 14 14 13 12 11 55 9 30 21 5 8 2 1 1 4 9 15 4 5 6 24 1 2 3 10 9 6 5 5 5 5 5 1375 31 1 1 1 3 1 1 2 2 3 4 4 5 6 6 138 3 2 1 1 2 3 582 10 40 102 270 3 2 2 1 1 1 2 2 3 3 3 2 2 2 2 1
-9999 -9999 -9999 -9999 -9999 -9999 -9999 -9999 -9999 1 2 3 4 5 6 49 8 9 10 2316 14 13 13 12 11 10 9 8 7 6 4 4 1 1 2 3 3 4 5 22 1 1 2 9 8 5 4 4 4 4 4 5 102 1267 30 2 4 4 2 1 1 2 3 3 4 5 5 6 127 4 2 1 1 2 3 3 575 9 39 101 269 2 1 1 1 1 1 1 1 2 2 2 1 1 1 1
-9999 -9999 -9999 -9999 -9999 -9999 -9999 -9999 -9999 1 2 3 4 25 36 7 8 9 10 2291 14 13 12 12 11 10 9 8 7 6 5 3 1 1 2 2 3 4 4 16 1 1 8 7 4 3 3 3 3 3 4 101 20 1237 9 26 5 5 3 1 1 2 2 3 4 4 5 6 116 4 3 1 1 2 2 3 566 5 8 38 100 268 1 2 2 2 1 1 1 1 1 1 1 1 1 2
-9999 -9999 -9999 -9999 -9999 -9999 -9999 -9999 -9999 1 4 9 16 5 6 7 8 9 10 2267 13 13 12 11 11 10 9 8 7 6 5 4 2 1 1 2 3 3 4 5 6 7 6 3 2 2 2 2 2 3 100 19 20 1207 9 8 16 5 4 2 1 1 2 3 3 4 5 6 7 102 3 2 1 1 2 3 557 5 4 7 37 99 267 3 3 2 2 2 2 1 1 1 2 2 3 3
-9999 -9999 -9999 -9999 -9999 -9999 -9999 -9999 -9999 1 2 3 4 5 6 7 8 9 10 2243 13 12 12 11 10 10 9 8 7 6 5 4 3 1 1 2 2 3 4 5 6 5 2 1 1 1 1 1 2 99 18 19 20 1177 9 8 7 5 4 3 1 1 2 2 3 4 5 6 6 92 3 2 1 1 2 534 17 5 4 3 6 36 98 261 3 3 3 3 2 2 2 3 3 4 4 4
-9999 -9999 -9999 -9999 -9999 -9999 -9999 -9999 -9999 1 2 3 4 5 6 7 8 9 10 2219 13 12 11 11 10 9 9 8 7 6 5 4 3 2 1 1 2 3 4 5 4 1 1 1 1 1 1 1 98 17 18 19 21 1146 9 8 7 6 4 3 2 1 1 2 3 4 5 5 6 82 3 2 1 1 2 515 16 16 4 3 2 5 35 97 254 4 4 3 3 3 4 4 5 5 5 5
-9999 -9999 -9999 -9999 -9999 -9999 -9999 -9999 -9999 1 2 3 4 5 6 7 8 9 10 2195 13 12 11 10 10 9 8 8 7 6 5 4 3 2 1 1 2 3 4 3 1 1 1 2 2 2 2 97 16 17 18 20 21 1115 9 8 7 6 5 3 2 1 1 2 3 4 4 5 6 7 68 2 1 1 4 493 17 15 15 3 2 1 4 34 96 246 225 4 4 5 5 6 6 6 6 28
-9999 -9999 -9999 -9999 -9999 -9999 -9999 -9999 -9999 1 2 3 4 5 6 7 8 9 47 2135 12 12 11 10 9 9 8 7 7 6 5 4 3 2 1 1 2 3 2 1 1 2 2 2 3 3 93 15 16 17 19 20 20 1084 10 8 7 6 5 4 2 1 1 2 3 3 4 5 6 7 59 1 1 3 5 470 17 16 14 14 2 1 1 2 33 95 16 217 198 6 7 7 7 7 29 4
-9999 -9999 -9999 -9999 -9999 -9999 -9999 -9999 -9999 1 2 3 4 5 6 7 8 46 1 2121 12 11 11 10 9 8 8 7 6 6 5 4 3 2 1 1 2 1 1 1 2 29 41 55 70 87 14 15 16 18 19 19 20 1053 10 9 7 6 5 4 3 1 1 2 2 3 4 5 6 56 1 1 2 4 5 444 20 16 15 13 13 1 1 2 25 5 94 15 14 186 8 8 8 30 5 4
-9999 -9999 -9999 -9999 -9999 -9999 -9999 -9999 -9999 1 2 3 4 5 6 7 44 1 3 1 2116 11 10 10 9 8 7 7 6 5 5 4 3 2 1 1 2 1 1 2 25 9 11 12 13 13 14 15 17 18 18 19 20 1019 13 9 8 6 5 4 3 2 1 1 2 3 4 5 52 2 1 1 3 4 5 419 19 19 15 14 12 12 1 1 19 4 4 93 14 13 170 9 31 6 5 5
-9999 -9999 -9999 -9999 -9999 -9999 -9999 -9999 -9999 1 2 3 4 5 6 7 36 1 1 2091 13 11 10 9 9 8 7 6 6 5 4 4 3 2 1 1 2 7 13 21 8 10 11 12 12 13 14 16 17 17 18 19 19 987 12 12 8 7 5 4 3 2 1 1 2 3 4 5 45 1 1 2 3 4 6 394 18 18 18 14 13 11 11 1 13 4 3 3 92 13 12 152 110 94 80 67
-9999 -9999 -9999 -9999 -9999 -9999 -9999 -9999 -9999 1 2 3 4 5 6 7 8 20 1 2076 13 12 10 9 8 8 7 6 5 5 4 3 3 2 1 1 2 4 6 7 9 10 11 11 12 13 15 16 16 17 18 18 19 19 948 11 11 7 6 4 3 2 1 1 2 3 4 5 38 1 1 2 3 5 6 370 17 17 17 17 13 12 10 10 9 3 3 2 2 91 12 11 10 9 8 7
-9999 -9999 -9999 -9999 -9999 -9999 -9999 -9999 -9999 1 2 3 4 5 6 7 9 10 2049 13 13 12 11 9 8 7 7 6 5 4 4 3 2 2 1 1 3 5 6 8 9 10 10 11 12 14 15 15 16 17 17 18 18 47 889 11 10 10 6 5 3 2 1 1 2 3 4 4 32 1 1 2 4 5 6 347 16 16 16 16 16 12 11 9 9 8 2 2 1 1 90 11 10 9 8 7
-9999 -9999 -9999 -9999 -9999 -9999 -9999 -9999 -9999 1 2 3 4 5 6 8 9 2020 15 13 12 12 11 10 8 7 6 6 5 4 3 3 2 1 1 2 4 5 7 8 9 9 10 11 13 14 14 15 16 16 17 17 46 9 868 11 10 9 9 5 4 2 1 1 2 3 3 4 26 1 1 3 4 5 7 324 15 15 15 15 15 15 11 10 8 8 7 1 1 68 11 10 10 9 8 7
-9999 -9999 -9999 -9999 -9999 -9999 -9999 -9999 -9999 1 2 3 4 5 7 8 9 1995 15 14 12 11 11 10 9 7 6 5 5 4 3 2 2 1 1 3 4 6 7 8 8 9 10 12 13 13 14 15 15 16 16 45 8 9 847 11 10 9 8 8 4 3 1 1 2 2 3 23 1 1 2 3 4 6 9 300 14 14 14 14 14 14 14 10 9 7 7 6 1 55 11 10 9 9 8 7
-9999 -9999 -9999 -9999 -9999 -9999 -9999 -9999 -9999 1 2 3 4 6 7 8 9 1971 14 14 13 11 10 10 9 8 6 5 4 4 3 2 1 1 2 3 5 6 7 7 8 9 11 12 12 13 14 14 15 15 44 7 8 8 828 10 10 9 8 7 7 3 2 1 1 2 3 18 1 1 2 3 5 8 9 276 14 13 13 13 13 13 13 13 9 8 6 6 5 43 11 10 9 8 8 7
-9999 -9999 -9999 -9999 -9999 -9999 -9999 -9999 -9999 1 2 3 5 6 7 8 1856 101 13 13 13 12 10 9 9 8 7 5 4 3 3 2 1 1 2 4 5 6 6 7 8 10 11 11 12 13 13 14 14 43 6 7 7 17 8 802 9 9 8 7 6 6 2 1 1 2 14 2 1 1 2 4 7 8 5 6 264 13 12 12 12 12 12 12 12 8 7 5 5 4 42 10 9 8 7 7
-9999 -9999 -9999 -9999 -9999 -9999 -9999 -9999 -9999 1 2 4 5 6 7 1855 75 13 12 12 12 12 11 9 8 8 7 6 4 3 2 2 1 1 3 4 5 5 6 7 9 10 10 11 12 12 13 13 42 5 6 6 16 7 7 785 9 8 8 7 6 5 5 1 1 2 9 2 1 1 3 6 7 4 5 5 246 12 12 11 11 11 11 11 11 11 7 6 4 4 3 41 9 8 7 6
-9999 -9999 -9999 -9999 -9999 -9999 -9999 -9999 -9999 1 3 4 5 6 1854 51 11 12 12 11 11 11 11 10 8 7 7 6 5 3 2 1 1 2 3 4 4 5 6 8 9 9 10 11 11 12 12 41 4 5 5 15 6 6 6 769 9 8 7 7 6 5 4 4 1 5 2 1 1 2 5 6 3 4 4 5 229 11 11 11 10 10 10 10 10 10 10 6 5 3 3 2 40 8 7 6
-9999 -9999 -9999 -9999 -9999 -9999 -9999 -9999 -9999 2 3 4 5 1853 30 10 10 10 11 11 10 10 10 10 9 7 6 6 5 4 2 1 1 2 3 3 4 5 7 8 8 9 10 10 11 11 40 3 4 4 14 5 5 5 5 754 9 8 7 6 6 5 4 3 3 2 2 1 1 4 5 2 3 3 4 33 185 10 10 10 10 9 9 9 9 9 9 9 5 4 2 2 1 39 7 6
-9999 -9999 -9999 -9999 -9999 -9999 -9999 -9999 1 2 3 4 1852 10 10 9 9 9 9 10 10 9 9 9 9 8 6 5 5 4 3 1 1 2 2 3 4 6 7 7 8 9 9 10 10 39 2 3 3 13 4 4 4 4 5 82 666 8 7 6 5 5 4 3 2 2 1 1 3 4 1 2 2 3 32 11 164 9 9 9 9 9 8 8 8 8 8 8 8 4 3 1 1 2 36 6
-9999 -9999 -9999 -9999 -9999 -9999 -9999 -9999 1 2 3 1707 134 10 9 9 8 8 8 8 9 9 8 8 8 8 7 5 4 4 3 2 1 1 2 3 5 6 6 7 8 8 9 9 38 1 2 2 12 3 3 3 3 4 81 21 636 8 7 6 5 4 4 3 2 1 1 2 3 1 1 1 2 31 10 11 143 9 8 8 8 8 8 7 7 7 7 7 7 7 3 2 1 1 28 6
-9999 -9999 -9999 -9999 -9999 -9999 -9999 -9999 1 2 3 1680 23 133 9 8 8 7 7 7 7 8 8 7 7 7 7 6 4 3 3 2 1 1 2 4 5 5 6 7 7 8 8 35 2 1 1 11 2 2 2 2 3 80 20 68 559 8 7 6 5 4 3 3 2 1 1 2 1 1 2 1 30 9 10 11 123 8 8 7 7 7 7 7 6 6 6 6 6 6 6 2 1 15 6 6
-9999 -9999 -9999 -9999 -9999 -9999 -9999 -9999 1 2 3 1654 22 22 132 8 7 7 6 6 6 6 7 7 6 6 6 6 5 3 2 2 1 1 3 4 4 5 6 6 7 7 8 25 1 1 10 1 1 1 1 2 79 19 67 5 545 8 7 6 5 4 3 2 2 1 1 3 1 2 20 29 8 9 10 11 104 7 7 7 6 6 6 6 6 5 5 5 5 5 5 5 1 1 13 5
-9999 -9999 -9999 -9999 -9999 -9999 -9999 -9999 1 2 3 1627 23 21 21 131 7 6 6 5 5 5 5 6 6 5 5 5 5 4 2 1 1 2 3 3 4 5 5 6 6 7 7 16 1 9 1 1 1 1 1 78 18 66 4 5 531 8 7 6 5 4 3 2 1 1 2 3 10 16 6 7 8 9 10 10 86 7 6 6 6 5 5 5 5 5 4 4 4 4 4 4 4 4 4 4
-9999 -9999 -9999 -9999 -9999 -9999 -9999 -9999 1 2 3 1600 23 22 20 20 130 6 5 5 4 4 4 4 5 5 4 4 4 4 3 1 1 2 2 3 4 4 5 5 6 6 7 8 8 9 1 2 2 2 77 17 65 3 4 7 515 8 7 6 5 4 3 2 1 1 2 3 4 5 6 7 8 9 9 9 70 6 6 5 5 5 4 4 4 4 4 3 3 3 3 3 3 3 3 3
-9999 -9999 -9999 -9999 -9999 -9999 -9999 -9999 1 2 3 1573 23 22 21 19 19 129 5 4 4 3 3 3 3 4 4 3 3 3 3 2 1 1 2 3 3 4 4 5 5 6 7 7 8 9 10 2 3 73 16 64 2 3 6 21 485 8 7 6 5 4 3 2 1 1 2 3 4 5 6 7 8 8 8 8 56 5 5 5 4 4 4 3 3 3 3 3 2 2 2 2 2 2 2 2
-9999 -9999 -9999 -9999 -9999 -9999 -9999 -9999 1 2 3 1545 24 22 21 20 18 18 128 4 3 3 2 2 2 2 3 3 2 2 2 2 1 1 2 2 3 3 4 4 5 6 6 7 8 9 10 11 67 15 63 1 2 5 20 28 448 8 7 6 5 4 3 2 1 1 2 3 4 5 6 7 7 7 7 45 5 5 4 4 4 3 3 3 2 2 2 2 2 1 1 1 1 1 1 1
-9999 -9999 -9999 -9999 -9999 -9999 -9999 -9999 1 2 1495 25 24 23 21 20 19 17 17 127 3 2 2 1 1 1 1 2 2 1 1 1 1 1 1 2 2 3 3 4 5 5 6 7 8 10 30 53 14 15 47 1 4 19 27 14 426 7 7 6 5 4 3 2 1 1 2 3 4 5 6 6 6 6 6 34 4 4 4 3 3 3 2 2 2 1 1 1 1 1 1 1 1 1 1 1
-9999 -9999 -9999 -9999 -9999 -9999 -9999 -9999 1 2 1467 25 24 23 22 20 19 18 16 16 126 2 1 1 1 1 1 1 1 1 1 1 1 1 1 1 2 2 3 4 4 5 6 7 9 10 12 13 14 45 1 3 18 26 13 411 7 7 6 6 5 4 3 2 1 1 2 3 4 5 5 5 5 5 5 5 23 3 3 3 2 2 2 1 1 1 1 1 1 2 2 2 2 2 2 2
-9999 -9999 -9999 -9999 -9999 -9999 -9999 -9999 1 2 1439 25 24 23 22 21 19 18 17 15 15 125 1 2 2 2 2 1 1 2 2 2 2 1 2 1 1 2 3 3 4 5 6 8 9 11 12 13 14 30 2 17 25 12 20 383 7 6 6 5 5 4 3 2 1 1 2 3 4 4 4 4 4 4 4 4 15 3 2 2 2 1 1 1 1 1 1 4 3 3 3 3 3 3 3 3
-9999 -9999 -9999 -9999 -9999 -9999 -9999 -9999 1 2 1411 25 24 23 22 21 20 18 17 16 14 14 124 109 3 3 2 2 3 3 3 3 2 3 3 1 1 2 2 3 4 5 7 8 10 11 12 13 29 1 16 24 11 19 369 7 6 6 5 5 4 4 3 2 1 1 2 3 3 3 3 3 3 3 3 3 9 2 2 1 1 1 1 2 1 1 2 2 11 4 4 4 4 4 4 4
-9999 -9999 -9999 -9999 -9999 -9999 -9999 -9999 1 1359 26 25 24 23 22 21 20 19 17 16 15 13 13 12 103 89 77 4 4 4 4 3 4 4 3 2 1 1 2 3 4 6 7 9 10 11 12 14 14 15 23 10 18 18 343 7 6 5 5 4 4 3 3 2 1 1 2 2 2 2 2 2 2 2 2 2 2 4 1 1 1 2 3 2 1 1 2 3 18 5 5 5 5 5 5 1
-9999 -9999 -9999 -9999 -9999 -9999 -9999 -9999 1 1331 26 25 24 23 22 21 20 19 18 16 15 14 12 12 11 10 9 70 58 47 36 27 18 10 3 2 1 1 2 3 5 6 8 9 10 11 13 13 14 22 9 17 17 18 318 6 6 5 4 4 3 3 2 2 1 1 1 1 1 1 1 1 1 1 1 1 1 1 1 2 3 4 3 2 1 1 2 3 27 6 6 6 6 6 1 1
-9999 -9999 -9999 -9999 -9999 -9999 -9999 -9999 1 1303 26 25 24 23 22 21 20 19 18 17 15 14 13 11 11 10 9 8 7 6 6 5 4 3 3 2 1 1 2 4 5 7 8 9 10 12 12 13 21 8 16 16 17 304 7 6 5 5 4 3 3 2 2 1 1 1 1 1 1 1 1 1 1 1 1 1 1 1 1 6 5 4 3 2 1 1 2 33 7 7 7 7 7 1 1 2
-9999 -9999 -9999 -9999 -9999 -9999 -9999 -9999 1251 26 25 25 24 23 22 21 20 19 18 17 16 14 13 12 10 10 9 8 7 6 5 5 4 3 2 2 1 1 3 4 6 7 8 9 11 11 12 20 7 15 15 16 17 18 268 6 5 4 4 3 2 2 1 1 1 1 2 2 2 3 1 2 2 2 2 2 2 2 2 13 5 4 3 1 1 2 2 43 8 8 8 8 2 1 1 2
-9999 -9999 -9999 -9999 -9999 -9999 -9999 -9999 1224 26 25 24 24 23 22 21 20 19 18 17 16 15 13 12 11 9 9 8 7 6 5 4 4 3 2 1 1 2 3 5 6 7 8 10 10 11 19 6 14 14 15 16 17 18 243 6 5 4 3 3 2 1 1 1 1 2 2 3 3 3 4 2 3 3 3 3 3 3 3 21 5 4 2 1 1 2 3 54 9 9 9 3 1 1 2 2
-9999 -9999 -9999 -9999 -9999 -9999 -9999 -9999 1198 25 25 24 23 23 22 21 20 19 18 17 16 15 14 12 11 10 8 8 7 6 5 4 3 3 2 1 1 2 4 5 6 7 9 9 10 18 5 13 13 14 15 16 17 18 19 205 5 4 3 2 2 1 1 1 2 2 3 3 4 4 4 5 3 4 4 4 4 4 4 30 5 3 2 1 1 2 3 67 10 10 4 1 1 2 2 3
-9999 -9999 -9999 -9999 -9999 -9999 -9999 -9999 1172 25 24 24 23 22 22 21 20 19 18 17 16 15 14 13 11 10 9 7 7 6 5 4 3 2 2 1 1 3 4 5 6 8 8 9 17 4 12 12 13 14 15 16 17 18 19 180 5 4 3 2 1 1 1 2 2 3 3 4 4 5 5 5 6 4 5 5 5 5 5 40 4 3 2 1 1 2 73 11 11 5 1 1 2 2 3 3
-9999 -9999 -9999 -9999 -9999 -9999 -9999 -9999 1146 25 24 23 23 22 21 21 20 19 18 17 16 15 14 13 12 10 9 8 6 6 5 4 3 2 1 1 2 3 4 5 7 7 8 16 3 11 11 12 13 14 15 16 17 18 19 156 4 4 3 2 1 1 3 7 13 3 4 4 5 5 6 6 6 7 5 6 6 6 6 50 4 3 1 1 2 2 87 12 6 1 1 2 2 3 3 4
-9999 -9999 -9999 -9999 -9999 -9999 -9999 -9999 1120 25 24 23 22 22 21 20 20 19 18 17 16 15 14 13 12 11 9 8 7 5 5 4 3 2 1 1 2 3 4 6 6 7 15 2 10 10 11 12 13 14 15 16 17 18 19 132 4 3 3 2 1 1 2 3 3 19 25 32 40 49 6 7 7 7 8 6 7 7 7 7 58 2 1 1 2 3 102 7 2 1 1 2 3 3 4 64
-9999 -9999 -9999 -9999 -9999 -9999 -9999 -9999 1094 25 24 23 22 21 21 20 19 19 18 17 16 15 14 13 12 11 10 8 7 6 4 4 3 2 1 1 2 3 5 5 6 14 1 9 9 10 11 12 13 14 15 16 17 18 32 96 3 3 2 2 1 1 2 2 2 2 2 3 3 3 55 64 8 8 8 9 7 8 8 8 68 1 1 2 2 3 113 3 2 1 1 2 3 4 4 76
-9999 -9999 -9999 -9999 -9999 -9999 -9999 -9999 1068 25 24 23 22 21 20 20 19 18 18 17 16 15 14 13 12 11 10 9 7 6 5 3 3 2 1 1 2 4 4 5 12 1 8 8 9 10 11 12 13 14 15 16 17 31 9 83 3 2 2 1 1 1 1 1 1 1 2 2 2 2 2 2 68 79 184 202 223 1103 1118 1130 1216 1 9 18 29 66 120 3 2 1 1 2 3 4 85 8
-9999 -9999 -9999 -9999 -9999 -9999 -9999 -9999 1043 24 24 23 22 21 20 19 19 18 17 17 16 15 14 13 12 11 10 9 8 6 5 4 2 2 1 1 3 3 4 5 6 7 7 8 9 10 11 12 13 14 15 16 30 8 17 63 2 2 1 1 1 1 1 1 1 1 1 1 1 1 1 1 2 96 9 11 872 6 3 4 5 6 7 8 34 4 75 121 4 3 2 2 3 4 98 1
