project3-viewshed-project3-duncangans/render/set1flow.asc
ncols 391
nrows 472
xllcorner 271845
yllcorner 3875415
cellsize 30
NODATA_value -9999
[rows 0 to 70 of 472, columns 0 to 95 of 391]
-9999 -9999 -9999 -9999 -9999 -9999 -9999 -9999 -9999 -9999 -9999 1 1 1 1 1 1 1 1 1 1 1 -9999 -9999 -9999 -9999 -9999 -9999 -9999 -9999 -9999 -9999 -9999 -9999 -9999 -9999 -9999 -9999 -9999 -9999 -9999 -9999 -9999 -9999 -9999 -9999 -9999 -9999 -9999 -9999 -9999 -9999 -9999 -9999 -9999 -9999 -9999 -9999 -9999 -9999 -9999 -9999 -9999 -9999 -9999 -9999 -9999 -9999 -9999 -9999 -9999 -9999 -9999 -9999 -9999 -9999 -9999 -9999 -9999 -9999 -9999 -9999 -9999 -9999 -9999 -9999 -9999 -9999 -9999 -9999 -9999 -9999 -9999 -9999 -9999 -9999
-9999 -9999 -9999 -9999 -9999 -9999 -9999 -9999 -9999 -9999 -9999 1 2 2 2 2 2 2 2 2 2 2 2 1 1 1 1 1 1 1 72 58 46 35 26 18 12 7 3 1 1 3 6 9 118 36 28 21 15 10 6 3 1 1 5 1 5 1 1 1 1 1 1 -9999 -9999 -9999 -9999 -9999 -9999 -9999 -9999 -9999 -9999 -9999 -9999 -9999 -9999 -9999 -9999 -9999 -9999 -9999 -9999 -9999 -9999 -9999 -9999 -9999 -9999 -9999 -9999 -9999 -9999 -9999 -9999 -9999
-9999 -9999 -9999 -9999 -9999 -9999 -9999 -9999 -9999 -9999 -9999 1 2 3 3 3 3 3 3 3 3 14 19 24 28 2 2 6 1 11 14 12 11 10 8 7 5 4 3 1 1 2 2 3 4 101 7 6 5 4 3 2 1 1 2 3 4 14 21 30 70 78 86 95 104 113 122 131 139 147 155 163 171 193 3 1 2 1 3 2 1 1 1 1 1 1 1 1 1 1 1 1 1 1 1 1
-9999 -9999 -9999 -9999 -9999 -9999 -9999 -9999 -9999 -9999 -9999 1 2 3 4 4 4 4 4 4 8 2 2 2 2 32 38 1 9 9 10 13 11 10 9 7 6 4 3 2 1 1 2 3 4 90 6 6 5 4 3 2 1 1 2 3 4 5 7 38 6 6 7 8 8 8 8 7 7 7 7 7 7 13 1 1 1 5 1 1 2 2 2 2 2 2 2 2 2 2 2 2 2 2 2 2
-9999 -9999 -9999 -9999 -9999 -9999 -9999 -9999 -9999 -9999 -9999 1 2 3 4 5 5 5 9 1 1 1 1 1 1 1 2 46 8 8 8 9 12 10 9 8 6 5 3 2 1 1 2 3 4 4 81 5 5 4 3 2 1 1 2 3 4 6 37 5 5 6 7 7 7 7 6 6 6 6 6 6 6 6 6 1 1 1 5 3 3 6 3 3 3 3 3 3 3 3 3 3 3 3 3 3
-9999 -9999 -9999 -9999 -9999 -9999 -9999 -9999 -9999 -9999 -9999 1 2 3 4 5 6 20 2 1 1 1 1 1 1 1 8 31 6 7 7 7 8 11 9 8 7 5 4 2 1 1 2 3 3 4 71 5 4 4 3 2 1 1 2 3 5 36 4 4 5 6 6 6 6 5 5 5 5 5 5 5 5 5 5 1 1 4 4 10 3 3 23 18 4 4 4 4 4 4 4 4 4 4 4 4
-9999 -9999 -9999 -9999 -9999 -9999 -9999 -9999 -9999 -9999 -9999 1 2 3 4 13 20 29 2 1 1 2 2 2 2 7 20 5 5 5 6 6 6 7 10 8 7 6 4 3 1 1 2 2 3 4 61 5 4 3 3 2 1 1 2 4 35 3 3 4 5 5 5 5 4 4 4 4 4 4 4 4 4 4 369 3 3 18 3 3 3 2 2 1 10 5 5 5 5 5 5 5 5 5 5 2
-9999 -9999 -9999 -9999 -9999 -9999 -9999 -9999 -9999 -9999 -9999 1 2 3 4 1 1 21 32 1 2 2 3 3 3 9 5 5 4 4 4 5 5 5 6 9 7 6 5 3 2 1 1 2 3 4 4 52 4 3 2 2 1 1 3 34 2 2 3 4 4 4 4 3 3 3 3 3 3 3 3 3 3 3 4 361 2 2 17 2 2 2 1 1 2 6 34 6 6 6 6 6 6 6 3 2
-9999 -9999 -9999 -9999 -9999 -9999 -9999 -9999 -9999 -9999 -9999 1 4 9 16 1 1 2 22 33 2 3 3 4 4 8 4 4 4 3 3 3 4 4 4 5 8 6 5 4 2 1 1 2 3 3 4 44 3 3 2 1 1 2 33 1 1 2 3 3 3 3 2 2 2 2 2 2 2 2 2 2 2 3 5 312 43 1 1 16 1 1 1 1 1 1 2 22 7 7 7 7 7 4 3 2
-9999 -9999 -9999 -9999 -9999 -9999 -9999 -9999 -9999 -9999 -9999 1 2 3 4 25 32 40 49 78 34 3 4 150 301 4 3 3 3 3 2 2 2 3 3 3 4 7 5 4 3 1 1 2 2 3 4 36 3 2 2 1 1 4 27 1 1 2 2 2 2 1 1 1 1 1 1 1 1 1 1 1 2 4 311 40 1 1 2 13 112 1 1 1 1 1 2 1 8 8 8 8 5 4 3 2
-9999 -9999 -9999 -9999 -9999 -9999 -9999 -9999 -9999 -9999 -9999 1 2 3 4 5 6 6 6 6 91 132 142 20 121 5 3 2 2 2 2 1 1 1 2 2 2 3 6 4 3 2 1 1 2 3 4 29 2 2 1 1 3 8 17 1 1 1 1 1 1 1 1 1 1 1 1 1 1 1 1 1 3 310 36 2 1 1 12 9 101 1 7 1 1 1 1 1 41 31 21 6 5 4 3 3
-9999 -9999 -9999 -9999 -9999 -9999 -9999 -9999 -9999 -9999 -9999 1 2 3 4 5 5 5 5 6 6 6 6 148 13 120 4 2 1 1 1 1 1 1 1 1 1 1 2 5 3 2 1 1 2 3 4 22 2 1 1 2 7 8 8 1 1 1 1 1 1 2 2 2 2 2 2 2 2 2 2 2 309 23 11 1 1 11 8 8 92 1 2 3 52 1 1 61 2 1 1 6 5 4 4 23
-9999 -9999 -9999 -9999 -9999 -9999 -9999 -9999 -9999 -9999 -9999 1 2 3 4 4 4 4 5 5 5 5 5 130 12 12 119 3 1 1 1 2 2 2 1 1 1 1 1 1 4 2 1 1 2 3 3 12 6 1 1 6 7 7 8 1 2 2 2 2 2 2 3 3 3 3 3 3 3 3 3 308 22 3 6 1 10 7 7 6 85 1 2 51 10 12 3 3 17 1 1 6 5 5 24 7
-9999 -9999 -9999 -9999 -9999 -9999 -9999 -9999 -9999 -9999 -9999 1 2 3 3 3 3 4 4 4 4 4 5 113 11 11 11 118 2 2 3 3 3 2 2 2 2 2 1 1 6 3 1 1 2 2 3 7 1 5 5 6 6 7 7 23 2 3 3 3 3 3 3 4 4 4 4 4 4 294 302 21 2 2 3 9 6 6 5 5 79 1 50 2 7 6 11 2 2 16 7 6 6 25 8 7
-9999 -9999 -9999 -9999 -9999 -9999 -9999 -9999 -9999 -9999 -9999 1 2 2 2 2 3 3 3 3 3 4 4 97 11 10 10 10 117 106 94 82 3 3 3 3 3 2 21 15 4 5 2 1 1 2 3 3 4 4 5 5 6 6 7 7 38 3 4 4 4 4 4 4 5 5 5 279 286 4 20 1 1 2 8 5 5 4 4 62 16 49 1 6 1 3 1 10 1 1 7 8 1 1 49 7
-9999 -9999 -9999 -9999 -9999 -9999 -9999 -9999 -9999 -9999 -9999 1 1 1 1 2 2 2 2 2 3 3 4 82 10 10 9 9 9 8 8 8 75 65 55 46 37 30 4 4 4 3 4 1 1 2 2 3 3 4 4 5 5 6 6 7 7 53 65 78 5 5 5 138 154 172 269 2 3 16 2 1 1 7 4 4 3 3 61 15 48 116 3 2 1 1 2 3 4 5 12 1 1 1 1 25
-9999 -9999 -9999 -9999 -9999 -9999 -9999 -9999 -9999 -9999 -9999 1 1 1 1 1 1 1 1 2 2 3 3 69 9 9 9 8 8 8 7 7 7 6 6 5 5 4 4 3 3 3 2 3 1 1 2 2 3 3 4 4 5 5 6 6 7 8 8 9 97 112 128 11 12 91 1 2 12 2 1 1 6 3 3 2 2 60 14 47 7 105 3 2 1 1 2 3 4 5 1 2 8 2 31 2
-9999 -9999 -9999 -9999 -9999 -9999 -9999 -9999 -9999 -9999 -9999 1 2 2 2 1 1 1 1 1 2 2 2 58 8 8 8 8 7 7 7 6 6 6 5 5 4 4 3 3 2 2 2 1 2 1 1 2 2 3 3 4 4 5 5 6 7 7 8 9 9 10 10 11 21 69 1 1 2 8 1 5 2 2 1 1 59 13 46 6 6 95 3 2 1 1 2 3 4 12 1 18 4 4 4 3
-9999 -9999 -9999 -9999 -9999 -9999 -9999 -9999 -9999 -9999 -9999 2 1 3 3 3 2 2 2 1 1 1 2 48 7 7 7 7 7 6 6 6 5 5 5 4 4 3 3 2 2 1 1 1 1 1 1 1 2 2 3 3 4 4 5 6 6 7 8 8 9 9 10 20 65 2 1 1 3 4 4 1 1 1 1 58 12 45 5 5 6 85 3 2 1 1 2 3 5 6 8 6 5 3 3 3
-9999 -9999 -9999 -9999 -9999 -9999 -9999 -9999 -9999 -9999 -9999 3 1 2 7 1 4 3 3 3 1 1 34 7 6 6 6 6 6 6 5 5 5 4 4 4 3 3 2 2 1 1 1 2 1 1 1 1 1 2 2 3 3 4 5 5 6 7 7 8 8 9 19 12 51 1 1 2 3 3 1 1 1 1 56 11 44 4 4 5 78 3 3 2 1 1 2 4 5 6 3 1 5 4 2 2
-9999 -9999 -9999 -9999 -9999 -9999 -9999 -9999 -9999 -9999 -9999 5 3 8 1 1 2 5 4 4 4 2 25 6 6 5 5 5 5 5 5 4 4 4 3 3 3 2 2 1 1 2 3 2 2 2 1 1 1 1 2 2 3 4 4 5 6 6 7 7 8 18 11 11 38 1 1 2 2 1 1 2 2 53 10 43 3 3 4 5 69 3 2 2 1 1 3 4 5 1 2 1 1 4 3 1
-9999 -9999 -9999 -9999 -9999 -9999 -9999 -9999 -9999 -9999 -9999 9 9 2 1 1 2 3 6 5 5 14 5 5 5 5 4 4 4 4 4 4 3 3 3 2 2 2 1 1 3 4 3 3 3 2 2 1 1 1 1 2 3 3 4 5 5 6 6 7 17 10 10 10 26 1 1 1 1 1 2 2 49 9 42 2 2 3 4 5 6 57 2 1 1 2 3 4 6 1 1 19 10 4 3 2
-9999 -9999 -9999 -9999 -9999 -9999 -9999 -9999 -9999 -9999 -9999 19 3 2 1 1 2 3 4 7 13 4 4 4 4 4 4 3 3 3 3 3 3 2 2 2 1 1 1 4 5 4 4 4 3 3 2 2 1 1 1 2 2 3 4 4 5 5 6 16 9 9 9 9 9 7 7 1 1 2 35 44 8 41 1 1 2 3 4 5 51 3 2 1 1 2 3 5 7 28 1 8 7 5 3 2
-9999 -9999 -9999 -9999 -9999 -9999 -9999 -9999 -9999 -9999 -9999 1 25 2 1 1 2 3 11 1 4 4 3 3 3 3 3 3 2 2 2 2 2 2 1 1 1 1 5 6 5 5 5 4 4 3 3 2 2 1 1 1 2 3 3 4 4 5 15 8 8 8 8 8 6 6 5 17 24 31 6 7 37 2 1 1 2 3 4 6 41 3 2 1 1 2 4 6 7 7 7 8 7 6 4 2
-9999 -9999 -9999 -9999 -9999 -9999 -9999 -9999 -9999 -9999 -9999 1 2 26 3 2 6 1 1 4 4 3 3 2 2 2 2 2 2 1 1 1 1 1 1 1 2 6 7 6 6 6 5 5 4 4 3 3 2 1 1 1 2 2 3 3 4 14 7 7 7 7 7 5 5 4 4 5 5 5 6 6 28 2 1 1 2 3 5 6 32 2 2 1 1 3 5 6 6 6 6 8 7 6 5 3
-9999 -9999 -9999 -9999 -9999 -9999 -9999 -9999 -9999 -9999 -9999 1 2 38 100 3 2 2 684 4 3 3 2 2 1 1 1 1 1 1 1 1 1 1 2 3 7 8 7 7 7 6 6 5 5 4 4 3 2 2 1 1 1 2 2 3 13 6 6 6 6 6 4 4 3 3 4 4 4 5 5 5 20 2 1 1 2 4 5 5 24 2 1 1 2 4 5 5 5 5 110 8 7 6 5 4
-9999 -9999 -9999 -9999 -9999 -9999 -9999 -9999 -9999 -9999 -9999 1 33 1 28 3 2 1 1 683 3 2 2 1 1 1 1 1 1 2 2 2 2 3 4 8 9 8 8 8 7 7 6 6 5 5 22 15 9 2 1 1 1 1 2 12 5 5 5 5 5 3 3 2 2 3 3 3 4 4 4 15 2 2 1 1 3 4 4 4 17 2 1 1 3 4 4 4 4 4 97 8 7 6 5 4
-9999 -9999 -9999 -9999 -9999 -9999 -9999 -9999 -9999 -9999 -9999 26 4 22 3 2 2 1 1 675 6 2 1 1 2 2 2 2 3 3 3 3 4 5 9 10 9 9 9 8 8 7 7 52 41 31 4 3 3 4 1 1 2 1 11 4 4 4 4 4 2 2 1 1 2 2 2 3 3 3 3 9 2 1 1 2 3 3 3 3 4 9 1 2 3 3 3 3 3 4 4 88 7 6 5 4
-9999 -9999 -9999 -9999 -9999 -9999 -9999 -9999 -9999 -9999 -9999 22 3 3 21 2 1 1 2 3 669 5 1 3 3 3 348 341 334 328 322 265 6 10 11 10 10 145 126 109 93 78 64 6 5 4 4 3 2 2 1 1 5 10 3 3 3 3 3 1 1 1 1 1 1 1 2 2 2 2 2 2 4 1 1 2 2 2 2 3 3 5 1 2 2 2 2 2 3 3 4 75 8 6 5 4
-9999 -9999 -9999 -9999 -9999 -9999 -9999 -9999 -9999 -9999 -9999 18 3 2 2 20 1 1 2 3 250 415 4 4 400 393 41 4 3 2 2 53 254 232 209 187 166 10 9 8 7 7 6 5 5 4 3 3 2 1 1 2 2 2 2 2 2 2 1 1 1 1 2 2 1 1 1 1 1 1 1 1 1 1 1 1 1 1 2 2 2 2 1 1 1 1 1 2 2 3 3 63 8 7 5 4
-9999 -9999 -9999 -9999 -9999 -9999 -9999 -9999 -9999 -9999 -9999 15 2 2 1 1 19 1 2 3 4 242 414 406 3 3 3 40 3 2 1 1 52 11 11 11 10 10 9 8 7 6 6 5 4 4 3 2 2 1 1 1 1 1 1 1 1 1 1 2 2 2 2 3 3 2 1 1 1 1 1 1 1 1 1 1 1 1 1 1 1 1 1 1 1 1 1 1 2 2 3 51 8 7 6 4
-9999 -9999 -9999 -9999 -9999 -9999 -9999 -9999 -9999 -9999 -9999 12 2 1 1 17 1 1 2 3 4 5 232 3 2 2 2 2 39 2 1 1 2 48 10 10 10 9 9 8 7 6 5 5 4 3 3 2 1 1 1 1 1 1 1 1 1 1 2 2 3 3 3 3 4 4 3 2 2 2 2 2 2 2 4 1 1 2 1 1 1 1 2 2 2 2 2 1 1 2 2 41 7 7 6 5
-9999 -9999 -9999 -9999 -9999 -9999 -9999 -9999 -9999 -9999 -9999 9 2 1 1 2 13 1 2 3 4 4 138 89 2 1 1 1 1 38 1 1 2 36 9 9 9 9 8 8 7 6 5 4 4 3 2 2 1 1 1 2 2 2 2 2 2 2 2 5 9 18 24 31 38 5 5 4 3 3 3 3 3 3 8 1 1 2 3 2 2 2 2 3 3 3 3 3 1 1 6 28 6 6 6 5
-9999 -9999 -9999 -9999 -9999 -9999 -9999 -9999 -9999 -9999 -9999 4 4 1 1 11 1 1 2 3 3 3 126 8 88 1 1 1 1 27 37 1 1 26 8 8 8 8 8 7 7 6 5 4 3 3 2 1 1 1 2 2 3 3 3 3 3 3 3 1 5 2 3 3 3 45 54 6 5 4 4 4 4 4 13 1 1 2 3 4 3 3 3 3 4 4 4 4 4 5 2 19 6 5 5 5
-9999 -9999 -9999 -9999 -9999 -9999 -9999 -9999 -9999 -9999 -9999 1 2 3 3 6 1 1 2 2 2 3 5 117 7 87 79 71 64 32 26 36 16 5 4 7 7 7 7 7 6 6 5 4 3 2 2 1 1 1 2 3 3 4 4 4 4 4 4 4 1 2 2 2 3 3 3 61 71 81 5 5 5 22 1 1 2 4 1 4 5 4 4 4 4 5 5 5 5 1 13 79 5 5 4 4
-9999 -9999 -9999 -9999 -9999 -9999 -9999 -9999 -9999 -9999 -9999 1 2 2 2 2 1 1 1 1 2 4 3 107 6 6 6 6 5 4 31 25 35 15 4 3 6 6 6 6 6 5 5 4 3 2 1 1 2 2 2 3 4 4 5 5 5 5 5 5 1 1 1 2 2 2 3 3 4 4 90 100 6 6 23 2 2 7 1 2 5 6 5 5 5 5 6 6 6 12 70 4 4 4 4 3
-9999 -9999 -9999 -9999 -9999 -9999 -9999 -9999 -9999 -9999 -9999 1 1 1 1 1 1 1 1 1 3 2 96 5 5 5 5 5 5 4 3 30 24 34 14 3 2 5 5 5 5 5 4 4 3 2 1 1 2 5 3 3 4 5 5 6 6 6 6 11 1 1 1 1 1 2 2 3 3 4 4 4 108 119 7 24 3 11 1 1 3 6 7 6 6 6 6 7 27 13 52 4 3 3 3 3
-9999 -9999 -9999 -9999 -9999 -9999 -9999 -9999 -9999 -9999 -9999 1 1 1 1 1 2 2 2 2 1 2 89 4 4 4 4 4 4 4 3 2 29 23 33 13 2 1 4 4 4 4 4 3 3 2 1 1 2 1 6 4 4 5 6 6 7 7 7 19 2 1 1 1 1 1 2 2 3 3 3 3 4 4 127 8 25 16 2 1 1 4 7 8 7 14 22 72 13 13 12 51 3 2 2 2
-9999 -9999 -9999 -9999 -9999 -9999 -9999 -9999 -9999 -9999 1 1 2 2 2 2 2 3 3 3 1 82 3 3 3 3 3 3 3 3 3 2 1 28 22 32 12 1 4 3 3 3 3 3 2 2 1 1 2 3 10 19 27 35 44 54 7 8 8 8 23 2 2 1 1 1 1 2 2 2 2 3 3 3 3 133 9 26 20 2 1 1 5 8 9 1 11 19 13 12 12 11 50 2 1 1
-9999 -9999 -9999 -9999 -9999 -9999 -9999 -9999 -9999 -9999 1 2 2 3 3 3 5 1 4 4 4 75 2 2 2 2 2 2 2 2 2 2 1 1 26 21 31 11 3 3 2 2 2 2 2 1 1 1 1 5 2 3 3 3 3 3 60 8 9 9 34 3 2 2 1 1 1 1 1 1 2 2 2 2 2 2 134 10 49 2 1 1 2 6 9 10 18 71 13 12 11 11 10 49 1 1
-9999 -9999 -9999 -9999 -9999 -9999 -9999 -9999 -9999 -9999 1 2 3 3 4 4 10 1 1 5 136 72 2 1 1 1 1 1 1 1 1 1 1 1 2 22 20 30 3 2 2 1 1 1 1 1 1 1 1 1 2 2 2 2 2 2 2 65 76 88 10 40 3 2 2 1 1 1 1 1 1 1 1 1 1 1 3 135 11 53 2 1 1 3 7 17 44 13 13 12 11 10 10 9 48 39
-9999 -9999 -9999 -9999 -9999 -9999 -9999 -9999 -9999 -9999 1 4 9 16 24 34 45 256 3 141 12 126 71 1 1 1 1 1 1 1 1 1 1 1 1 14 6 19 29 2 1 1 1 1 1 1 1 2 2 1 1 1 1 1 1 1 2 2 2 2 92 54 3 3 2 2 1 1 2 2 1 1 1 1 1 1 2 4 136 67 2 1 1 2 22 16 14 13 12 12 11 10 9 9 8 7
-9999 -9999 -9999 -9999 -9999 -9999 -9999 -9999 -9999 -9999 1 2 3 4 5 6 6 190 2 2 140 11 125 70 2 2 2 2 2 2 2 2 1 9 1 8 4 5 18 28 1 2 2 2 2 1 1 2 3 3 1 1 1 1 1 1 1 1 1 1 1 93 55 9 3 2 2 1 1 3 3 2 2 2 2 2 2 3 5 173 279 1 1 250 17 16 15 13 12 11 11 10 9 8 8 7
-9999 -9999 -9999 -9999 -9999 -9999 -9999 -9999 -9999 -9999 1 2 3 4 5 5 5 182 2 1 1 139 10 124 66 59 53 47 41 35 29 23 18 5 8 4 3 3 4 17 27 3 3 3 2 1 1 2 3 4 4 2 2 2 2 2 1 1 1 1 1 2 94 68 3 3 2 1 1 2 4 4 3 3 3 3 3 3 31 31 3 1 1 234 12 16 15 14 12 11 10 10 9 8 7 7
-9999 -9999 -9999 -9999 -9999 -9999 -9999 -9999 -9999 -9999 1 2 3 4 4 4 4 175 2 1 1 2 135 9 123 4 3 3 3 3 3 3 3 3 4 7 3 2 2 3 16 21 14 3 2 1 1 2 3 4 5 5 3 3 3 3 3 2 2 2 2 2 3 95 75 3 2 2 1 1 3 5 5 4 4 4 4 24 3 25 2 2 1 221 11 11 15 14 13 11 10 9 9 8 7 6
-9999 -9999 -9999 -9999 -9999 -9999 -9999 -9999 -9999 -9999 1 2 3 3 3 3 169 3 2 1 1 2 124 8 8 122 3 2 2 2 2 2 2 2 2 3 6 2 1 1 2 15 3 7 3 1 1 2 3 4 5 11 18 29 35 42 4 4 3 71 78 85 93 102 203 81 3 2 2 1 1 4 6 6 5 5 16 2 19 3 2 1 1 215 5 10 10 14 13 12 10 9 8 8 7 6
-9999 -9999 -9999 -9999 -9999 -9999 -9999 -9999 -9999 -9999 1 2 2 2 2 2 163 3 2 1 1 2 113 8 7 7 121 2 1 1 1 1 1 1 1 1 2 5 1 1 2 10 2 2 1 1 1 2 3 4 5 1 7 2 3 3 49 57 65 4 4 5 5 5 5 213 299 4 3 5 1 1 5 7 7 6 1 11 4 3 2 1 1 208 5 4 9 9 13 12 11 9 8 7 7 6
-9999 -9999 -9999 -9999 -9999 -9999 -9999 -9999 -9999 -9999 1 1 1 1 1 16 143 3 2 1 1 2 102 8 7 6 6 120 1 1 1 1 1 1 1 1 1 1 4 1 1 6 2 1 1 1 2 2 3 4 5 6 1 2 2 3 3 3 3 3 4 4 4 4 4 4 5 309 318 10 1 1 2 6 8 8 1 5 4 3 2 1 1 2 204 4 3 8 8 12 11 10 8 7 6 6
-9999 -9999 -9999 -9999 -9999 -9999 -9999 -9999 -9999 -9999 1 1 1 1 15 131 6 5 2 1 1 2 91 8 7 6 5 5 119 78 31 2 2 2 2 2 1 1 1 3 2 2 1 1 1 1 2 3 3 4 5 6 1 1 2 2 2 2 2 3 3 3 3 3 3 4 4 4 4 326 11 2 2 3 7 9 27 5 4 3 2 1 1 2 137 64 3 2 7 7 11 10 9 7 6 5
-9999 -9999 -9999 -9999 -9999 -9999 -9999 -9999 -9999 -9999 1 4 8 13 5 119 6 5 4 1 1 8 73 9 7 6 5 4 4 39 45 27 10 3 3 2 2 2 1 1 2 1 1 1 1 2 2 3 4 4 5 6 7 1 1 1 1 1 2 2 2 2 2 2 3 3 3 3 3 3 327 12 3 3 4 12 11 9 4 3 2 1 1 2 118 16 63 2 1 6 6 10 9 8 6 5
-9999 -9999 -9999 -9999 -9999 -9999 -9999 -9999 -9999 -9999 1 2 3 4 105 7 6 5 4 3 3 2 2 72 8 6 5 4 3 3 38 44 14 4 3 3 3 2 2 1 1 1 1 1 2 2 3 3 4 5 5 6 7 8 1 1 1 1 1 1 1 1 1 2 2 2 2 2 2 2 4 328 13 4 8 1 10 10 8 3 2 1 1 2 3 112 15 62 1 1 5 5 9 8 7 5
-9999 -9999 -9999 -9999 -9999 -9999 -9999 -9999 -9999 -9999 1 2 3 4 93 7 6 5 4 3 2 2 1 1 71 7 5 4 3 2 2 37 43 13 4 4 3 3 2 2 1 1 1 2 2 3 3 4 4 5 6 6 14 1 9 2 2 2 1 1 1 1 1 1 1 1 1 1 1 1 3 5 329 349 1 1 5 9 9 7 2 1 1 2 3 93 15 14 61 8 4 4 4 8 7 6
-9999 -9999 -9999 -9999 -9999 -9999 -9999 -9999 -9999 -9999 1 2 3 4 81 7 6 5 4 3 2 1 1 2 3 65 6 4 3 2 1 1 36 42 5 4 4 3 3 2 2 1 1 2 3 3 4 4 5 5 6 7 7 15 2 10 3 3 3 2 2 2 2 1 1 1 1 1 1 1 2 4 6 1 1 4 4 4 8 8 6 1 1 2 2 4 86 14 13 51 3 3 3 3 7 6
-9999 -9999 -9999 -9999 -9999 -9999 -9999 -9999 -9999 -9999 1 2 3 4 70 6 6 5 4 3 2 1 1 2 3 54 7 5 3 2 1 1 2 32 41 5 23 16 10 5 1 1 2 2 3 4 4 5 5 6 6 7 8 8 16 3 11 4 4 4 3 3 3 3 2 2 2 2 2 2 2 3 11 1 4 4 3 3 3 7 7 5 1 1 3 2 2 81 13 12 50 2 2 2 2 6
-9999 -9999 -9999 -9999 -9999 -9999 -9999 -9999 -9999 -9999 1 2 3 3 61 5 5 5 4 3 2 1 1 2 3 4 46 6 4 2 1 1 2 24 5 31 4 3 2 2 1 1 2 3 3 4 5 5 6 6 7 7 8 9 9 17 4 12 5 5 5 4 4 4 4 3 3 3 3 3 3 3 19 7 4 3 3 2 2 2 6 6 4 2 1 1 2 66 12 12 11 49 1 1 1 1
-9999 -9999 -9999 -9999 -9999 -9999 -9999 -9999 -9999 -9999 1 2 2 5 51 4 4 4 4 3 2 1 1 2 3 4 36 5 5 3 1 1 2 2 19 4 3 3 2 1 1 1 2 3 4 4 5 6 6 7 7 8 8 9 10 10 18 5 13 6 6 6 5 5 5 5 4 4 4 4 4 18 3 75 6 3 2 2 1 1 1 5 5 3 1 1 2 2 61 11 11 10 48 38 28 18
-9999 -9999 -9999 -9999 -9999 -9999 -9999 -9999 -9999 -9999 1 1 4 43 4 3 3 3 3 3 2 1 1 2 3 3 4 28 4 4 2 1 1 2 13 3 3 2 2 1 1 1 2 5 4 5 5 6 40 7 8 8 9 9 10 11 11 19 6 14 7 7 7 6 6 6 6 5 5 5 10 2 16 11 74 5 2 1 1 1 1 4 4 4 2 1 1 2 48 10 10 10 9 9 9 9
-9999 -9999 -9999 -9999 -9999 -9999 -9999 -9999 -9999 -9999 1 3 3 36 3 3 2 2 2 2 2 1 1 2 2 3 3 20 4 3 3 1 1 3 7 2 2 2 1 1 1 2 2 1 7 13 20 27 1 42 50 59 69 80 91 102 12 12 20 7 15 8 8 8 7 7 7 7 6 6 1 15 311 10 10 73 4 1 2 2 8 3 3 3 3 1 1 2 36 9 9 9 9 8 8 8
-9999 -9999 -9999 -9999 -9999 -9999 -9999 -9999 -9999 -9999 1 2 8 24 3 2 2 1 1 1 1 1 1 1 2 2 3 13 3 3 2 2 2 2 2 2 1 1 1 1 1 2 3 3 1 1 1 1 1 1 1 1 1 1 1 1 103 13 13 21 8 16 9 9 9 8 8 8 8 7 14 2 299 9 9 9 72 3 3 9 1 2 2 2 2 2 1 1 2 32 8 8 8 8 7 7
-9999 -9999 -9999 -9999 -9999 -9999 -9999 -9999 -9999 -9999 1 7 5 6 12 2 1 1 1 1 1 1 1 1 1 2 2 8 2 2 2 1 1 1 1 1 1 1 1 1 2 2 3 4 4 1 1 1 2 2 2 2 1 1 1 2 2 104 14 14 22 9 17 10 10 10 9 9 9 9 1 286 9 3 8 8 8 71 60 7 4 1 1 1 1 1 1 1 2 22 7 7 7 7 7 6
-9999 -9999 -9999 -9999 -9999 -9999 -9999 -9999 -9999 -9999 6 1 1 2 5 11 1 2 2 2 2 2 1 1 1 1 2 2 3 1 1 1 1 1 1 1 2 1 1 2 2 3 3 4 5 5 2 2 2 3 3 3 3 2 2 2 3 3 105 15 15 23 10 18 40 224 237 249 262 275 285 4 2 2 2 7 7 7 7 43 1 1 1 1 1 1 1 1 9 6 6 6 6 6 6 6
-9999 -9999 -9999 -9999 -9999 -9999 -9999 -9999 -9999 -9999 4 1 1 4 5 2 3 3 3 3 3 2 2 1 1 1 1 1 1 1 1 1 1 2 2 2 2 3 2 2 8 1 1 4 5 6 6 3 3 3 4 4 4 4 3 3 3 4 4 106 16 16 24 11 173 2 2 3 3 3 1 4 2 1 1 1 6 6 6 6 42 35 2 2 2 2 1 4 4 4 5 5 5 5 5 5
-9999 -9999 -9999 -9999 -9999 -9999 -9999 -9999 -9999 -9999 2 1 3 4 1 1 4 4 4 4 3 3 2 2 1 1 1 1 1 1 2 2 2 2 3 3 3 3 4 3 12 2 1 1 5 6 7 7 4 4 4 5 5 5 5 4 4 4 5 5 112 129 146 172 1 1 2 2 2 7 16 31 3 1 1 1 5 5 5 5 5 5 31 25 19 14 10 3 3 3 3 4 4 4 4 4
-9999 -9999 -9999 -9999 -9999 -9999 -9999 -9999 -9999 -9999 1 2 3 1 1 1 10 5 5 4 4 3 3 2 2 1 1 2 2 2 2 3 3 3 3 4 4 4 4 5 18 2 1 1 2 6 7 8 8 5 5 5 6 6 6 6 5 5 5 6 1 1 1 215 1 1 1 1 6 5 12 6 30 2 2 6 4 4 4 4 4 4 4 3 3 2 2 2 2 2 2 2 3 3 3 3
-9999 -9999 -9999 -9999 -9999 -9999 -9999 -9999 -9999 -9999 1 2 1 1 2 2 17 6 5 5 4 4 3 3 2 1 1 2 3 3 3 3 4 4 4 4 5 5 5 28 3 2 1 1 2 3 7 8 9 9 6 6 6 13 1 7 7 6 6 6 7 2 214 5 1 1 3 5 4 5 6 31 5 29 7 12 4 3 3 3 3 3 3 3 2 2 1 1 1 1 1 1 1 2 2 2
-9999 -9999 -9999 -9999 -9999 -9999 -9999 -9999 -9999 -9999 1 2 5 2 2 3 26 6 6 5 5 4 4 3 1 1 2 2 3 4 4 4 4 5 5 5 5 6 6 37 3 2 2 1 1 3 4 8 9 10 10 7 7 7 14 2 8 8 7 7 7 210 4 37 2 1 1 3 4 5 5 21 4 4 19 3 3 3 2 2 2 2 2 2 2 1 1 1 1 1 1 1 1 1 1 1
-9999 -9999 -9999 -9999 -9999 -9999 -9999 -9999 -9999 -9999 1 2 2 6 3 3 36 7 6 6 5 5 4 2 1 1 2 3 3 4 5 5 5 5 6 6 6 6 7 7 43 3 2 1 1 2 4 5 9 19 11 11 8 8 8 15 3 9 9 185 195 3 33 2 1 1 2 3 4 4 4 13 3 3 3 3 2 2 2 1 1 1 1 1 1 1 2 2 2 2 2 2 2 1 1 1
-9999 -9999 -9999 -9999 -9999 -9999 -9999 -9999 -9999 -9999 1 1 1 3 7 4 4 50 7 6 6 5 3 1 1 2 2 3 4 4 5 6 6 6 6 7 7 7 7 8 54 3 2 2 1 1 3 5 6 1 28 48 12 9 9 9 16 156 168 2 2 3 27 2 1 1 2 3 3 3 3 7 2 2 2 2 2 1 1 1 1 1 1 1 1 3 3 3 3 3 3 3 2 2 2 2
-9999 -9999 -9999 -9999 -9999 -9999 -9999 -9999 -9999 -9999 1 1 1 2 4 8 5 5 64 7 6 4 1 1 2 2 3 3 4 5 5 6 7 7 7 7 8 8 8 8 66 3 3 2 2 1 1 4 6 7 8 2 53 68 81 94 136 2 1 1 2 3 21 2 1 1 2 2 2 2 2 2 2 1 1 1 1 1 1 2 2 2 2 2 4 4 4 4 4 4 4 3 3 3 3 3
-9999 -9999 -9999 -9999 -9999 -9999 -9999 -9999 -9999 -9999 1 2 2 2 3 5 9 6 77 7 5 2 1 1 2 3 3 4 4 5 6 6 7 8 8 8 8 9 9 83 4 4 3 3 2 1 1 2 5 7 1 2 2 3 3 27 3 2 1 1 2 3 11 6 1 1 1 1 1 1 1 2 18 1 1 1 1 2 3 3 3 3 3 5 5 5 5 5 5 5 4 4 4 4 4 4
-9999 -9999 -9999 -9999 -9999 -9999 -9999 -9999 -9999 -9999 1 2 3 3 3 4 6 10 91 6 3 2 1 1 2 3 4 4 5 5 6 7 7 8 9 9 9 9 10 97 5 4 4 3 2 1 1 2 3 6 1 1 2 2 3 19 4 2 1 1 2 3 3 4 5 6 1 1 1 1 1 1 10 17 2 2 3 4 4 4 4 4 6 6 6 6 6 6 6 5 5 5 5 5 5 5
